trial	deck	gain	loss	subjID	net
1	3	50	0	105	50
2	3	60	0	105	60
3	3	40	-50	105	-10
4	1	100	0	105	100
5	3	55	0	105	55
6	4	50	0	105	50
7	1	120	0	105	120
8	1	80	-150	105	-70
9	3	55	-50	105	5
10	4	40	0	105	40
11	4	45	0	105	45
12	3	45	0	105	45
13	1	90	0	105	90
14	4	45	0	105	45
15	2	100	0	105	100
16	2	80	0	105	80
17	1	110	-300	105	-190
18	2	110	0	105	110
19	2	120	0	105	120
20	4	55	0	105	55
21	3	50	-50	105	0
22	4	60	0	105	60
23	2	90	0	105	90
24	2	100	0	105	100
25	4	40	0	105	40
26	1	100	0	105	100
27	2	90	0	105	90
28	2	120	0	105	120
29	4	55	0	105	55
30	1	80	-200	105	-120
31	2	110	-1250	105	-1140
32	4	50	0	105	50
33	4	60	-250	105	-190
34	2	80	0	105	80
35	1	120	0	105	120
36	2	110	0	105	110
37	2	100	0	105	100
38	1	110	-250	105	-140
39	2	90	0	105	90
40	4	55	0	105	55
41	4	40	0	105	40
42	2	130	-1500	105	-1370
43	4	60	0	105	60
44	4	40	0	105	40
45	2	120	0	105	120
46	1	90	-350	105	-260
47	2	130	0	105	130
48	4	45	0	105	45
49	2	110	0	105	110
50	2	90	0	105	90
51	4	55	0	105	55
52	2	100	0	105	100
53	2	120	0	105	120
54	2	120	-1750	105	-1630
55	4	65	0	105	65
56	3	45	0	105	45
57	4	70	0	105	70
58	3	60	-50	105	10
59	2	110	0	105	110
60	2	140	0	105	140
61	4	50	0	105	50
62	4	70	-275	105	-205
63	1	110	0	105	110
64	1	130	-350	105	-220
65	2	130	0	105	130
66	2	100	0	105	100
67	4	60	0	105	60
68	2	110	0	105	110
69	1	90	0	105	90
70	1	100	-250	105	-150
71	2	120	0	105	120
72	1	120	-200	105	-80
73	2	120	0	105	120
74	4	55	0	105	55
75	4	65	0	105	65
76	3	40	-50	105	-10
77	4	80	0	105	80
78	4	40	0	105	40
79	4	80	0	105	80
80	4	40	0	105	40
81	4	65	0	105	65
82	4	55	-300	105	-245
83	2	140	0	105	140
84	2	110	0	105	110
85	1	110	0	105	110
86	4	60	0	105	60
87	3	55	0	105	55
88	1	90	-300	105	-210
89	2	130	0	105	130
90	4	65	0	105	65
91	3	55	-25	105	30
92	4	75	0	105	75
93	2	140	-2000	105	-1860
94	4	60	0	105	60
95	2	120	0	105	120
96	4	65	0	105	65
97	4	75	-325	105	-250
98	1	130	-150	105	-20
99	2	110	0	105	110
100	2	130	0	105	130
1	2	100	0	111	100
2	3	50	0	111	50
3	2	80	0	111	80
4	1	100	0	111	100
5	1	120	0	111	120
6	4	50	0	111	50
7	3	60	0	111	60
8	3	40	-50	111	-10
9	2	110	0	111	110
10	1	80	-150	111	-70
11	4	40	0	111	40
12	3	55	0	111	55
13	3	55	-50	111	5
14	2	120	0	111	120
15	4	45	0	111	45
16	3	45	0	111	45
17	1	90	0	111	90
18	1	110	-300	111	-190
19	1	100	0	111	100
20	2	90	0	111	90
21	2	100	0	111	100
22	3	50	-50	111	0
23	4	45	0	111	45
24	4	55	0	111	55
25	4	60	0	111	60
26	2	90	0	111	90
27	3	45	0	111	45
28	1	80	-200	111	-120
29	1	120	0	111	120
30	4	40	0	111	40
31	2	120	0	111	120
32	2	110	-1250	111	-1140
33	3	60	-50	111	10
34	4	55	0	111	55
35	1	110	-250	111	-140
36	1	90	-350	111	-260
37	2	80	0	111	80
38	3	40	-50	111	-10
39	3	55	0	111	55
40	2	110	0	111	110
41	2	100	0	111	100
42	4	50	0	111	50
43	1	110	0	111	110
44	4	60	-250	111	-190
45	1	130	-350	111	-220
46	2	90	0	111	90
47	3	55	-25	111	30
48	2	130	-1500	111	-1370
49	3	65	-75	111	-10
50	4	55	0	111	55
51	4	40	0	111	40
52	1	90	0	111	90
53	2	120	0	111	120
54	2	130	0	111	130
55	1	100	-250	111	-150
56	1	120	-200	111	-80
57	2	110	0	111	110
58	3	45	0	111	45
59	4	60	0	111	60
60	2	90	0	111	90
61	3	70	-25	111	45
62	2	100	0	111	100
63	1	110	0	111	110
64	1	90	-300	111	-210
65	4	40	0	111	40
66	2	120	0	111	120
67	3	40	0	111	40
68	1	130	-150	111	-20
69	2	120	-1750	111	-1630
70	4	45	0	111	45
71	4	55	0	111	55
72	1	120	-250	111	-130
73	2	110	0	111	110
74	4	65	0	111	65
75	4	70	0	111	70
76	1	100	0	111	100
77	4	50	0	111	50
78	2	140	0	111	140
79	4	70	-275	111	-205
80	3	50	-25	111	25
81	2	130	0	111	130
82	1	120	-250	111	-130
83	3	60	-75	111	-15
84	4	60	0	111	60
85	2	100	0	111	100
86	2	110	0	111	110
87	1	140	-300	111	-160
88	4	55	0	111	55
89	3	70	0	111	70
90	1	110	0	111	110
91	2	120	0	111	120
92	4	65	0	111	65
93	3	40	-50	111	-10
94	2	120	0	111	120
95	1	110	-350	111	-240
96	4	80	0	111	80
97	3	60	0	111	60
98	4	40	0	111	40
99	2	140	0	111	140
100	3	65	-25	111	40
1	2	100	0	133	100
2	3	50	0	133	50
3	3	60	0	133	60
4	3	40	-50	133	-10
5	4	50	0	133	50
6	4	40	0	133	40
7	4	45	0	133	45
8	1	100	0	133	100
9	4	45	0	133	45
10	3	55	0	133	55
11	1	120	0	133	120
12	4	55	0	133	55
13	4	60	0	133	60
14	4	40	0	133	40
15	2	80	0	133	80
16	4	55	0	133	55
17	1	80	-150	133	-70
18	2	110	0	133	110
19	2	120	0	133	120
20	2	90	0	133	90
21	4	50	0	133	50
22	1	90	0	133	90
23	1	110	-300	133	-190
24	4	60	-250	133	-190
25	4	55	0	133	55
26	4	40	0	133	40
27	4	60	0	133	60
28	2	100	0	133	100
29	2	90	0	133	90
30	2	120	0	133	120
31	2	110	-1250	133	-1140
32	3	55	-50	133	5
33	1	100	0	133	100
34	1	80	-200	133	-120
35	2	80	0	133	80
36	4	40	0	133	40
37	4	45	0	133	45
38	4	55	0	133	55
39	2	110	0	133	110
40	2	100	0	133	100
41	3	45	0	133	45
42	3	50	-50	133	0
43	4	65	0	133	65
44	4	70	0	133	70
45	4	50	0	133	50
46	4	70	-275	133	-205
47	3	45	0	133	45
48	3	60	-50	133	10
49	1	120	0	133	120
50	2	90	0	133	90
51	2	130	-1500	133	-1370
52	1	110	-250	133	-140
53	1	90	-350	133	-260
54	1	110	0	133	110
55	1	130	-350	133	-220
56	1	90	0	133	90
57	1	100	-250	133	-150
58	1	120	-200	133	-80
59	2	120	0	133	120
60	2	130	0	133	130
61	4	60	0	133	60
62	4	55	0	133	55
63	4	65	0	133	65
64	4	80	0	133	80
65	4	40	0	133	40
66	4	80	0	133	80
67	4	40	0	133	40
68	3	40	-50	133	-10
69	4	65	0	133	65
70	4	55	-300	133	-245
71	1	110	0	133	110
72	1	90	-300	133	-210
73	1	130	-150	133	-20
74	1	120	-250	133	-130
75	4	60	0	133	60
76	4	65	0	133	65
77	3	55	0	133	55
78	2	110	0	133	110
79	3	55	-25	133	30
80	3	65	-75	133	-10
81	3	45	0	133	45
82	3	70	-25	133	45
83	3	40	0	133	40
84	3	50	-25	133	25
85	3	60	-75	133	-15
86	2	90	0	133	90
87	2	100	0	133	100
88	2	120	0	133	120
89	2	120	-1750	133	-1630
90	3	70	0	133	70
91	3	40	-50	133	-10
92	4	75	0	133	75
93	4	60	0	133	60
94	2	110	0	133	110
95	4	65	0	133	65
96	2	140	0	133	140
97	4	75	-325	133	-250
98	2	130	0	133	130
99	3	60	0	133	60
100	3	65	-25	133	40
1	3	50	0	134	50
2	4	50	0	134	50
3	3	60	0	134	60
4	2	100	0	134	100
5	1	100	0	134	100
6	2	80	0	134	80
7	1	120	0	134	120
8	2	110	0	134	110
9	1	80	-150	134	-70
10	3	40	-50	134	-10
11	4	40	0	134	40
12	4	45	0	134	45
13	4	45	0	134	45
14	4	55	0	134	55
15	1	90	0	134	90
16	4	60	0	134	60
17	4	40	0	134	40
18	2	120	0	134	120
19	2	90	0	134	90
20	4	55	0	134	55
21	1	110	-300	134	-190
22	2	100	0	134	100
23	3	55	0	134	55
24	3	55	-50	134	5
25	4	50	0	134	50
26	4	60	-250	134	-190
27	1	100	0	134	100
28	1	80	-200	134	-120
29	4	55	0	134	55
30	4	40	0	134	40
31	3	45	0	134	45
32	3	50	-50	134	0
33	4	60	0	134	60
34	4	40	0	134	40
35	1	120	0	134	120
36	1	110	-250	134	-140
37	3	45	0	134	45
38	4	45	0	134	45
39	2	90	0	134	90
40	2	120	0	134	120
41	2	110	-1250	134	-1140
42	3	60	-50	134	10
43	2	80	0	134	80
44	2	110	0	134	110
45	4	55	0	134	55
46	4	65	0	134	65
47	3	40	-50	134	-10
48	1	90	-350	134	-260
49	4	70	0	134	70
50	4	50	0	134	50
51	4	70	-275	134	-205
52	3	55	0	134	55
53	3	55	-25	134	30
54	2	100	0	134	100
55	2	90	0	134	90
56	4	60	0	134	60
57	2	130	-1500	134	-1370
58	3	65	-75	134	-10
59	4	55	0	134	55
60	1	110	0	134	110
61	2	120	0	134	120
62	4	65	0	134	65
63	3	45	0	134	45
64	3	70	-25	134	45
65	2	130	0	134	130
66	2	110	0	134	110
67	2	90	0	134	90
68	4	80	0	134	80
69	3	40	0	134	40
70	1	130	-350	134	-220
71	2	100	0	134	100
72	2	120	0	134	120
73	3	50	-25	134	25
74	4	40	0	134	40
75	4	80	0	134	80
76	2	120	-1750	134	-1630
77	4	40	0	134	40
78	3	60	-75	134	-15
79	4	65	0	134	65
80	4	55	-300	134	-245
81	3	70	0	134	70
82	3	40	-50	134	-10
83	3	60	0	134	60
84	3	65	-25	134	40
85	4	60	0	134	60
86	4	65	0	134	65
87	4	75	0	134	75
88	4	60	0	134	60
89	4	65	0	134	65
90	1	90	0	134	90
91	1	100	-250	134	-150
92	2	110	0	134	110
93	1	120	-200	134	-80
94	2	140	0	134	140
95	4	75	-325	134	-250
96	4	85	0	134	85
97	4	45	0	134	45
98	3	55	0	134	55
99	2	130	0	134	130
100	2	100	0	134	100
1	2	100	0	136	100
2	3	50	0	136	50
3	1	100	0	136	100
4	3	60	0	136	60
5	3	40	-50	136	-10
6	4	50	0	136	50
7	1	120	0	136	120
8	1	80	-150	136	-70
9	3	55	0	136	55
10	2	80	0	136	80
11	2	110	0	136	110
12	4	40	0	136	40
13	3	55	-50	136	5
14	1	90	0	136	90
15	4	45	0	136	45
16	4	45	0	136	45
17	3	45	0	136	45
18	4	55	0	136	55
19	1	110	-300	136	-190
20	1	100	0	136	100
21	1	80	-200	136	-120
22	3	50	-50	136	0
23	1	120	0	136	120
24	4	60	0	136	60
25	4	40	0	136	40
26	2	120	0	136	120
27	1	110	-250	136	-140
28	1	90	-350	136	-260
29	4	55	0	136	55
30	3	45	0	136	45
31	4	50	0	136	50
32	2	90	0	136	90
33	4	60	-250	136	-190
34	1	110	0	136	110
35	3	60	-50	136	10
36	2	100	0	136	100
37	2	90	0	136	90
38	4	55	0	136	55
39	2	120	0	136	120
40	1	130	-350	136	-220
41	2	110	-1250	136	-1140
42	1	90	0	136	90
43	1	100	-250	136	-150
44	4	40	0	136	40
45	1	120	-200	136	-80
46	3	40	-50	136	-10
47	2	80	0	136	80
48	2	110	0	136	110
49	1	110	0	136	110
50	4	60	0	136	60
51	3	55	0	136	55
52	4	40	0	136	40
53	2	100	0	136	100
54	2	90	0	136	90
55	1	90	-300	136	-210
56	1	130	-150	136	-20
57	3	55	-25	136	30
58	4	45	0	136	45
59	1	120	-250	136	-130
60	1	100	0	136	100
61	1	120	-250	136	-130
62	3	65	-75	136	-10
63	2	130	-1500	136	-1370
64	1	140	-300	136	-160
65	1	110	0	136	110
66	1	110	-350	136	-240
67	4	55	0	136	55
68	3	45	0	136	45
69	2	120	0	136	120
70	4	65	0	136	65
71	1	100	0	136	100
72	2	130	0	136	130
73	3	70	-25	136	45
74	4	70	0	136	70
75	4	50	0	136	50
76	1	120	-200	136	-80
77	2	110	0	136	110
78	3	40	0	136	40
79	4	70	-275	136	-205
80	1	130	-250	136	-120
81	2	90	0	136	90
82	3	50	-25	136	25
83	2	100	0	136	100
84	4	60	0	136	60
85	1	110	-150	136	-40
86	4	55	0	136	55
87	2	120	0	136	120
88	3	60	-75	136	-15
89	1	140	-250	136	-110
90	4	65	0	136	65
91	1	120	0	136	120
92	4	80	0	136	80
93	3	70	0	136	70
94	2	120	-1750	136	-1630
95	4	40	0	136	40
96	1	130	-350	136	-220
97	1	120	-200	136	-80
98	1	140	-250	136	-110
99	1	130	-250	136	-120
100	3	40	-50	136	-10
1	2	100	0	138	100
2	3	50	0	138	50
3	1	100	0	138	100
4	4	50	0	138	50
5	1	120	0	138	120
6	4	40	0	138	40
7	2	80	0	138	80
8	2	110	0	138	110
9	1	80	-150	138	-70
10	3	60	0	138	60
11	4	45	0	138	45
12	1	90	0	138	90
13	2	120	0	138	120
14	4	45	0	138	45
15	2	90	0	138	90
16	2	100	0	138	100
17	1	110	-300	138	-190
18	3	40	-50	138	-10
19	2	90	0	138	90
20	4	55	0	138	55
21	1	100	0	138	100
22	3	55	0	138	55
23	2	120	0	138	120
24	4	60	0	138	60
25	1	80	-200	138	-120
26	2	110	-1250	138	-1140
27	3	55	-50	138	5
28	2	80	0	138	80
29	1	120	0	138	120
30	3	45	0	138	45
31	4	40	0	138	40
32	1	110	-250	138	-140
33	3	50	-50	138	0
34	4	55	0	138	55
35	2	110	0	138	110
36	3	45	0	138	45
37	1	90	-350	138	-260
38	3	60	-50	138	10
39	2	100	0	138	100
40	2	90	0	138	90
41	1	110	0	138	110
42	1	130	-350	138	-220
43	3	40	-50	138	-10
44	4	50	0	138	50
45	3	55	0	138	55
46	1	90	0	138	90
47	2	130	-1500	138	-1370
48	3	55	-25	138	30
49	2	120	0	138	120
50	1	100	-250	138	-150
51	3	65	-75	138	-10
52	2	130	0	138	130
53	1	120	-200	138	-80
54	4	60	-250	138	-190
55	2	110	0	138	110
56	3	45	0	138	45
57	1	110	0	138	110
58	4	55	0	138	55
59	2	90	0	138	90
60	3	70	-25	138	45
61	1	90	-300	138	-210
62	2	100	0	138	100
63	3	40	0	138	40
64	4	40	0	138	40
65	2	120	0	138	120
66	3	50	-25	138	25
67	2	120	-1750	138	-1630
68	2	110	0	138	110
69	1	130	-150	138	-20
70	2	140	0	138	140
71	3	60	-75	138	-15
72	2	130	0	138	130
73	4	60	0	138	60
74	1	120	-250	138	-130
75	2	100	0	138	100
76	1	100	0	138	100
77	3	70	0	138	70
78	4	40	0	138	40
79	2	110	0	138	110
80	1	120	-250	138	-130
81	2	120	0	138	120
82	3	40	-50	138	-10
83	4	45	0	138	45
84	2	120	0	138	120
85	3	60	0	138	60
86	2	140	0	138	140
87	4	55	0	138	55
88	2	110	0	138	110
89	3	65	-25	138	40
90	1	140	-300	138	-160
91	2	130	0	138	130
92	3	55	0	138	55
93	4	65	0	138	65
94	2	140	-2000	138	-1860
95	3	80	-50	138	30
96	2	120	0	138	120
97	4	70	0	138	70
98	2	110	0	138	110
99	3	40	-25	138	15
100	2	130	0	138	130
1	1	100	0	147	100
2	2	100	0	147	100
3	3	50	0	147	50
4	4	50	0	147	50
5	2	80	0	147	80
6	2	110	0	147	110
7	3	60	0	147	60
8	3	40	-50	147	-10
9	2	120	0	147	120
10	2	90	0	147	90
11	2	100	0	147	100
12	2	90	0	147	90
13	2	120	0	147	120
14	2	110	-1250	147	-1140
15	2	80	0	147	80
16	2	110	0	147	110
17	2	100	0	147	100
18	2	90	0	147	90
19	2	130	-1500	147	-1370
20	2	120	0	147	120
21	2	130	0	147	130
22	2	110	0	147	110
23	2	90	0	147	90
24	1	120	0	147	120
25	1	80	-150	147	-70
26	1	90	0	147	90
27	1	110	-300	147	-190
28	3	55	0	147	55
29	3	55	-50	147	5
30	4	40	0	147	40
31	4	45	0	147	45
32	4	45	0	147	45
33	4	55	0	147	55
34	4	60	0	147	60
35	4	40	0	147	40
36	4	55	0	147	55
37	4	50	0	147	50
38	4	60	-250	147	-190
39	3	45	0	147	45
40	3	50	-50	147	0
41	3	45	0	147	45
42	2	100	0	147	100
43	2	120	0	147	120
44	2	120	-1750	147	-1630
45	3	60	-50	147	10
46	1	100	0	147	100
47	1	80	-200	147	-120
48	4	55	0	147	55
49	4	40	0	147	40
50	4	60	0	147	60
51	1	120	0	147	120
52	2	110	0	147	110
53	3	40	-50	147	-10
54	4	40	0	147	40
55	3	55	0	147	55
56	2	140	0	147	140
57	3	55	-25	147	30
58	2	130	0	147	130
59	1	110	-250	147	-140
60	2	100	0	147	100
61	3	65	-75	147	-10
62	2	110	0	147	110
63	3	45	0	147	45
64	2	120	0	147	120
65	1	90	-350	147	-260
66	3	70	-25	147	45
67	2	120	0	147	120
68	2	140	0	147	140
69	1	110	0	147	110
70	2	110	0	147	110
71	2	130	0	147	130
72	3	40	0	147	40
73	3	50	-25	147	25
74	1	130	-350	147	-220
75	2	140	-2000	147	-1860
76	3	60	-75	147	-15
77	4	45	0	147	45
78	1	90	0	147	90
79	2	120	0	147	120
80	2	110	0	147	110
81	3	70	0	147	70
82	3	40	-50	147	-10
83	2	130	0	147	130
84	2	150	0	147	150
85	1	100	-250	147	-150
86	4	55	0	147	55
87	1	120	-200	147	-80
88	4	65	0	147	65
89	3	60	0	147	60
90	2	110	0	147	110
91	1	110	0	147	110
92	3	65	-25	147	40
93	2	150	0	147	150
94	1	90	-300	147	-210
95	4	70	0	147	70
96	3	55	0	147	55
97	2	120	0	147	120
98	1	130	-150	147	-20
99	2	140	0	147	140
100	3	80	-50	147	30
1	1	100	0	148	100
2	2	100	0	148	100
3	4	50	0	148	50
4	1	120	0	148	120
5	2	80	0	148	80
6	2	110	0	148	110
7	2	120	0	148	120
8	1	80	-150	148	-70
9	4	40	0	148	40
10	2	90	0	148	90
11	3	50	0	148	50
12	3	60	0	148	60
13	4	45	0	148	45
14	4	45	0	148	45
15	1	90	0	148	90
16	2	100	0	148	100
17	2	90	0	148	90
18	2	120	0	148	120
19	4	55	0	148	55
20	4	60	0	148	60
21	1	110	-300	148	-190
22	2	110	-1250	148	-1140
23	4	40	0	148	40
24	4	55	0	148	55
25	2	80	0	148	80
26	1	100	0	148	100
27	2	110	0	148	110
28	2	100	0	148	100
29	4	50	0	148	50
30	4	60	-250	148	-190
31	3	40	-50	148	-10
32	4	55	0	148	55
33	1	80	-200	148	-120
34	3	55	0	148	55
35	2	90	0	148	90
36	4	40	0	148	40
37	1	120	0	148	120
38	3	55	-50	148	5
39	2	130	-1500	148	-1370
40	4	60	0	148	60
41	2	120	0	148	120
42	1	110	-250	148	-140
43	2	130	0	148	130
44	4	40	0	148	40
45	3	45	0	148	45
46	2	110	0	148	110
47	1	90	-350	148	-260
48	4	45	0	148	45
49	2	90	0	148	90
50	3	50	-50	148	0
51	1	110	0	148	110
52	3	45	0	148	45
53	2	100	0	148	100
54	4	55	0	148	55
55	1	130	-350	148	-220
56	3	60	-50	148	10
57	2	120	0	148	120
58	4	65	0	148	65
59	1	90	0	148	90
60	3	40	-50	148	-10
61	4	70	0	148	70
62	1	100	-250	148	-150
63	2	120	-1750	148	-1630
64	3	55	0	148	55
65	2	110	0	148	110
66	1	120	-200	148	-80
67	4	50	0	148	50
68	3	55	-25	148	30
69	4	70	-275	148	-205
70	2	140	0	148	140
71	1	110	0	148	110
72	2	130	0	148	130
73	1	90	-300	148	-210
74	2	100	0	148	100
75	1	130	-150	148	-20
76	1	120	-250	148	-130
77	2	110	0	148	110
78	4	60	0	148	60
79	2	120	0	148	120
80	4	55	0	148	55
81	2	120	0	148	120
82	4	65	0	148	65
83	3	65	-75	148	-10
84	2	140	0	148	140
85	4	80	0	148	80
86	2	110	0	148	110
87	4	40	0	148	40
88	2	130	0	148	130
89	1	100	0	148	100
90	2	140	-2000	148	-1860
91	2	120	0	148	120
92	4	80	0	148	80
93	3	45	0	148	45
94	1	120	-250	148	-130
95	2	110	0	148	110
96	1	140	-300	148	-160
97	2	130	0	148	130
98	4	40	0	148	40
99	2	150	0	148	150
100	4	65	0	148	65
1	2	100	0	156	100
2	4	50	0	156	50
3	3	50	0	156	50
4	1	100	0	156	100
5	2	80	0	156	80
6	3	60	0	156	60
7	1	120	0	156	120
8	4	40	0	156	40
9	1	80	-150	156	-70
10	2	110	0	156	110
11	3	40	-50	156	-10
12	2	120	0	156	120
13	4	45	0	156	45
14	1	90	0	156	90
15	3	55	0	156	55
16	4	45	0	156	45
17	1	110	-300	156	-190
18	2	90	0	156	90
19	3	55	-50	156	5
20	1	100	0	156	100
21	4	55	0	156	55
22	2	100	0	156	100
23	3	45	0	156	45
24	4	60	0	156	60
25	3	50	-50	156	0
26	1	80	-200	156	-120
27	2	90	0	156	90
28	2	120	0	156	120
29	3	45	0	156	45
30	2	110	-1250	156	-1140
31	4	40	0	156	40
32	2	80	0	156	80
33	3	60	-50	156	10
34	1	120	0	156	120
35	2	110	0	156	110
36	4	55	0	156	55
37	3	40	-50	156	-10
38	2	100	0	156	100
39	4	50	0	156	50
40	2	90	0	156	90
41	4	60	-250	156	-190
42	1	110	-250	156	-140
43	2	130	-1500	156	-1370
44	3	55	0	156	55
45	2	120	0	156	120
46	4	55	0	156	55
47	2	130	0	156	130
48	3	55	-25	156	30
49	1	90	-350	156	-260
50	2	110	0	156	110
51	4	40	0	156	40
52	3	65	-75	156	-10
53	2	90	0	156	90
54	4	60	0	156	60
55	2	100	0	156	100
56	4	40	0	156	40
57	2	120	0	156	120
58	4	45	0	156	45
59	1	110	0	156	110
60	2	120	-1750	156	-1630
61	3	45	0	156	45
62	2	110	0	156	110
63	4	55	0	156	55
64	2	140	0	156	140
65	3	70	-25	156	45
66	1	130	-350	156	-220
67	2	130	0	156	130
68	4	65	0	156	65
69	3	40	0	156	40
70	2	100	0	156	100
71	4	70	0	156	70
72	2	110	0	156	110
73	4	50	0	156	50
74	2	120	0	156	120
75	4	70	-275	156	-205
76	2	120	0	156	120
77	3	50	-25	156	25
78	2	140	0	156	140
79	1	90	0	156	90
80	4	60	0	156	60
81	2	110	0	156	110
82	3	60	-75	156	-15
83	2	130	0	156	130
84	2	140	-2000	156	-1860
85	4	55	0	156	55
86	2	120	0	156	120
87	4	65	0	156	65
88	2	110	0	156	110
89	1	100	-250	156	-150
90	2	130	0	156	130
91	4	80	0	156	80
92	2	150	0	156	150
93	2	110	0	156	110
94	4	40	0	156	40
95	2	150	0	156	150
96	4	80	0	156	80
97	2	120	0	156	120
98	4	40	0	156	40
99	2	140	0	156	140
100	4	65	0	156	65
1	3	50	0	158	50
2	3	60	0	158	60
3	1	100	0	158	100
4	3	40	-50	158	-10
5	4	50	0	158	50
6	4	40	0	158	40
7	2	100	0	158	100
8	4	45	0	158	45
9	3	55	0	158	55
10	3	55	-50	158	5
11	1	120	0	158	120
12	1	80	-150	158	-70
13	4	45	0	158	45
14	4	55	0	158	55
15	1	90	0	158	90
16	2	80	0	158	80
17	3	45	0	158	45
18	1	110	-300	158	-190
19	1	100	0	158	100
20	4	60	0	158	60
21	4	40	0	158	40
22	2	110	0	158	110
23	1	80	-200	158	-120
24	3	50	-50	158	0
25	4	55	0	158	55
26	4	50	0	158	50
27	1	120	0	158	120
28	2	120	0	158	120
29	2	90	0	158	90
30	3	45	0	158	45
31	3	60	-50	158	10
32	1	110	-250	158	-140
33	1	90	-350	158	-260
34	2	100	0	158	100
35	4	60	-250	158	-190
36	3	40	-50	158	-10
37	1	110	0	158	110
38	1	130	-350	158	-220
39	2	90	0	158	90
40	2	120	0	158	120
41	3	55	0	158	55
42	3	55	-25	158	30
43	1	90	0	158	90
44	3	65	-75	158	-10
45	3	45	0	158	45
46	2	110	-1250	158	-1140
47	4	55	0	158	55
48	4	40	0	158	40
49	1	100	-250	158	-150
50	2	80	0	158	80
51	2	110	0	158	110
52	3	70	-25	158	45
53	4	60	0	158	60
54	4	40	0	158	40
55	4	45	0	158	45
56	2	100	0	158	100
57	4	55	0	158	55
58	3	40	0	158	40
59	3	50	-25	158	25
60	1	120	-200	158	-80
61	2	90	0	158	90
62	2	130	-1500	158	-1370
63	3	60	-75	158	-15
64	3	70	0	158	70
65	3	40	-50	158	-10
66	2	120	0	158	120
67	2	130	0	158	130
68	1	110	0	158	110
69	3	60	0	158	60
70	4	65	0	158	65
71	3	65	-25	158	40
72	3	55	0	158	55
73	2	110	0	158	110
74	3	80	-50	158	30
75	3	40	-25	158	15
76	4	70	0	158	70
77	3	60	-50	158	10
78	3	55	0	158	55
79	1	90	-300	158	-210
80	2	90	0	158	90
81	2	100	0	158	100
82	3	65	-25	158	40
83	3	40	-75	158	-35
84	4	50	0	158	50
85	2	120	0	158	120
86	3	80	-50	158	30
87	4	70	-275	158	-205
88	1	130	-150	158	-20
89	2	120	-1750	158	-1630
90	3	65	-25	158	40
91	3	75	0	158	75
92	4	60	0	158	60
93	4	55	0	158	55
94	2	110	0	158	110
95	3	55	-25	158	30
96	1	120	-250	158	-130
97	2	140	0	158	140
98	3	60	-25	158	35
99	2	130	0	158	130
100	1	100	0	158	100
1	3	50	0	159	50
2	2	100	0	159	100
3	4	50	0	159	50
4	2	80	0	159	80
5	3	60	0	159	60
6	1	100	0	159	100
7	2	110	0	159	110
8	4	40	0	159	40
9	1	120	0	159	120
10	3	40	-50	159	-10
11	2	120	0	159	120
12	4	45	0	159	45
13	1	80	-150	159	-70
14	3	55	0	159	55
15	1	90	0	159	90
16	4	45	0	159	45
17	2	90	0	159	90
18	1	110	-300	159	-190
19	2	100	0	159	100
20	3	55	-50	159	5
21	4	55	0	159	55
22	1	100	0	159	100
23	2	90	0	159	90
24	2	120	0	159	120
25	4	60	0	159	60
26	1	80	-200	159	-120
27	2	110	-1250	159	-1140
28	3	45	0	159	45
29	2	80	0	159	80
30	1	120	0	159	120
31	4	40	0	159	40
32	3	50	-50	159	0
33	1	110	-250	159	-140
34	1	90	-350	159	-260
35	1	110	0	159	110
36	2	110	0	159	110
37	4	55	0	159	55
38	3	45	0	159	45
39	1	130	-350	159	-220
40	3	60	-50	159	10
41	2	100	0	159	100
42	4	50	0	159	50
43	2	90	0	159	90
44	4	60	-250	159	-190
45	3	40	-50	159	-10
46	1	90	0	159	90
47	1	100	-250	159	-150
48	2	130	-1500	159	-1370
49	2	120	0	159	120
50	3	55	0	159	55
51	3	55	-25	159	30
52	3	65	-75	159	-10
53	1	120	-200	159	-80
54	2	130	0	159	130
55	4	55	0	159	55
56	4	40	0	159	40
57	3	45	0	159	45
58	2	110	0	159	110
59	1	110	0	159	110
60	1	90	-300	159	-210
61	2	90	0	159	90
62	3	70	-25	159	45
63	4	60	0	159	60
64	4	40	0	159	40
65	1	130	-150	159	-20
66	1	120	-250	159	-130
67	2	100	0	159	100
68	3	40	0	159	40
69	4	45	0	159	45
70	1	100	0	159	100
71	2	120	0	159	120
72	4	55	0	159	55
73	1	120	-250	159	-130
74	2	120	-1750	159	-1630
75	3	50	-25	159	25
76	4	65	0	159	65
77	1	140	-300	159	-160
78	2	110	0	159	110
79	3	60	-75	159	-15
80	1	110	0	159	110
81	1	110	-350	159	-240
82	4	70	0	159	70
83	2	140	0	159	140
84	3	70	0	159	70
85	1	100	0	159	100
86	4	50	0	159	50
87	2	130	0	159	130
88	2	100	0	159	100
89	1	120	-200	159	-80
90	3	40	-50	159	-10
91	2	110	0	159	110
92	2	120	0	159	120
93	4	70	-275	159	-205
94	1	130	-250	159	-120
95	1	110	-150	159	-40
96	2	120	0	159	120
97	3	60	0	159	60
98	4	60	0	159	60
99	1	140	-250	159	-110
100	2	140	0	159	140
1	2	100	0	162	100
2	1	100	0	162	100
3	3	50	0	162	50
4	2	80	0	162	80
5	4	50	0	162	50
6	1	120	0	162	120
7	1	80	-150	162	-70
8	2	110	0	162	110
9	3	60	0	162	60
10	1	90	0	162	90
11	4	40	0	162	40
12	2	120	0	162	120
13	3	40	-50	162	-10
14	1	110	-300	162	-190
15	3	55	0	162	55
16	2	90	0	162	90
17	4	45	0	162	45
18	1	100	0	162	100
19	2	100	0	162	100
20	3	55	-50	162	5
21	1	80	-200	162	-120
22	2	90	0	162	90
23	4	45	0	162	45
24	3	45	0	162	45
25	2	120	0	162	120
26	4	55	0	162	55
27	3	50	-50	162	0
28	1	120	0	162	120
29	2	110	-1250	162	-1140
30	3	45	0	162	45
31	1	110	-250	162	-140
32	2	80	0	162	80
33	4	60	0	162	60
34	3	60	-50	162	10
35	2	110	0	162	110
36	1	90	-350	162	-260
37	2	100	0	162	100
38	4	40	0	162	40
39	2	90	0	162	90
40	3	40	-50	162	-10
41	2	130	-1500	162	-1370
42	2	120	0	162	120
43	1	110	0	162	110
44	3	55	0	162	55
45	2	130	0	162	130
46	1	130	-350	162	-220
47	2	110	0	162	110
48	4	55	0	162	55
49	3	55	-25	162	30
50	2	90	0	162	90
51	2	100	0	162	100
52	2	120	0	162	120
53	2	120	-1750	162	-1630
54	2	110	0	162	110
55	3	65	-75	162	-10
56	1	90	0	162	90
57	4	50	0	162	50
58	1	100	-250	162	-150
59	1	120	-200	162	-80
60	3	45	0	162	45
61	2	140	0	162	140
62	4	60	-250	162	-190
63	2	130	0	162	130
64	1	110	0	162	110
65	1	90	-300	162	-210
66	2	100	0	162	100
67	3	70	-25	162	45
68	2	110	0	162	110
69	4	55	0	162	55
70	4	40	0	162	40
71	2	120	0	162	120
72	4	60	0	162	60
73	4	40	0	162	40
74	2	120	0	162	120
75	2	140	0	162	140
76	4	45	0	162	45
77	4	55	0	162	55
78	2	110	0	162	110
79	2	130	0	162	130
80	4	65	0	162	65
81	2	140	-2000	162	-1860
82	2	120	0	162	120
83	2	110	0	162	110
84	3	40	0	162	40
85	1	130	-150	162	-20
86	3	50	-25	162	25
87	2	130	0	162	130
88	2	150	0	162	150
89	1	120	-250	162	-130
90	2	110	0	162	110
91	2	150	0	162	150
92	4	70	0	162	70
93	4	50	0	162	50
94	2	120	0	162	120
95	2	140	0	162	140
96	4	70	-275	162	-205
97	2	140	0	162	140
98	2	150	0	162	150
99	4	60	0	162	60
100	2	130	0	162	130
1	2	100	0	163	100
2	2	80	0	163	80
3	2	110	0	163	110
4	2	120	0	163	120
5	1	100	0	163	100
6	1	120	0	163	120
7	3	50	0	163	50
8	3	60	0	163	60
9	1	80	-150	163	-70
10	2	90	0	163	90
11	2	100	0	163	100
12	2	90	0	163	90
13	4	50	0	163	50
14	2	120	0	163	120
15	2	110	-1250	163	-1140
16	2	80	0	163	80
17	2	110	0	163	110
18	2	100	0	163	100
19	2	90	0	163	90
20	4	40	0	163	40
21	4	45	0	163	45
22	2	130	-1500	163	-1370
23	3	40	-50	163	-10
24	2	120	0	163	120
25	2	130	0	163	130
26	2	110	0	163	110
27	2	90	0	163	90
28	2	100	0	163	100
29	2	120	0	163	120
30	2	120	-1750	163	-1630
31	1	90	0	163	90
32	2	110	0	163	110
33	3	55	0	163	55
34	4	45	0	163	45
35	1	110	-300	163	-190
36	1	100	0	163	100
37	2	140	0	163	140
38	3	55	-50	163	5
39	4	55	0	163	55
40	1	80	-200	163	-120
41	2	130	0	163	130
42	2	100	0	163	100
43	2	110	0	163	110
44	2	120	0	163	120
45	2	120	0	163	120
46	2	140	0	163	140
47	2	110	0	163	110
48	2	130	0	163	130
49	3	45	0	163	45
50	3	50	-50	163	0
51	3	45	0	163	45
52	3	60	-50	163	10
53	3	40	-50	163	-10
54	3	55	0	163	55
55	3	55	-25	163	30
56	4	60	0	163	60
57	1	120	0	163	120
58	2	140	-2000	163	-1860
59	2	120	0	163	120
60	3	65	-75	163	-10
61	3	45	0	163	45
62	3	70	-25	163	45
63	4	40	0	163	40
64	1	110	-250	163	-140
65	2	110	0	163	110
66	3	40	0	163	40
67	4	55	0	163	55
68	2	130	0	163	130
69	2	150	0	163	150
70	2	110	0	163	110
71	2	150	0	163	150
72	2	120	0	163	120
73	2	140	0	163	140
74	1	90	-350	163	-260
75	2	140	0	163	140
76	3	50	-25	163	25
77	4	50	0	163	50
78	1	110	0	163	110
79	1	130	-350	163	-220
80	2	150	0	163	150
81	3	60	-75	163	-15
82	4	60	-250	163	-190
83	1	90	0	163	90
84	2	130	0	163	130
85	2	120	0	163	120
86	3	70	0	163	70
87	4	55	0	163	55
88	1	100	-250	163	-150
89	1	120	-200	163	-80
90	2	140	0	163	140
91	2	160	-2250	163	-2090
92	2	120	0	163	120
93	2	160	0	163	160
94	3	40	-50	163	-10
95	4	40	0	163	40
96	1	110	0	163	110
97	1	90	-300	163	-210
98	2	130	0	163	130
99	2	150	0	163	150
100	2	150	0	163	150
1	2	100	0	164	100
2	2	80	0	164	80
3	2	110	0	164	110
4	4	50	0	164	50
5	1	100	0	164	100
6	1	120	0	164	120
7	1	80	-150	164	-70
8	1	90	0	164	90
9	1	110	-300	164	-190
10	1	100	0	164	100
11	1	80	-200	164	-120
12	3	50	0	164	50
13	3	60	0	164	60
14	3	40	-50	164	-10
15	4	40	0	164	40
16	2	120	0	164	120
17	2	90	0	164	90
18	4	45	0	164	45
19	3	55	0	164	55
20	3	55	-50	164	5
21	4	45	0	164	45
22	4	55	0	164	55
23	4	60	0	164	60
24	4	40	0	164	40
25	4	55	0	164	55
26	4	50	0	164	50
27	4	60	-250	164	-190
28	4	55	0	164	55
29	4	40	0	164	40
30	4	60	0	164	60
31	4	40	0	164	40
32	4	45	0	164	45
33	4	55	0	164	55
34	2	100	0	164	100
35	3	45	0	164	45
36	3	50	-50	164	0
37	3	45	0	164	45
38	3	60	-50	164	10
39	3	40	-50	164	-10
40	3	55	0	164	55
41	3	55	-25	164	30
42	3	65	-75	164	-10
43	3	45	0	164	45
44	3	70	-25	164	45
45	3	40	0	164	40
46	3	50	-25	164	25
47	3	60	-75	164	-15
48	3	70	0	164	70
49	3	40	-50	164	-10
50	3	60	0	164	60
51	3	65	-25	164	40
52	3	55	0	164	55
53	3	80	-50	164	30
54	3	40	-25	164	15
55	2	90	0	164	90
56	3	60	-50	164	10
57	3	55	0	164	55
58	4	65	0	164	65
59	3	65	-25	164	40
60	4	70	0	164	70
61	4	50	0	164	50
62	2	120	0	164	120
63	3	40	-75	164	-35
64	3	80	-50	164	30
65	3	65	-25	164	40
66	4	70	-275	164	-205
67	2	110	-1250	164	-1140
68	2	80	0	164	80
69	2	110	0	164	110
70	2	100	0	164	100
71	2	90	0	164	90
72	2	130	-1500	164	-1370
73	3	75	0	164	75
74	3	55	-25	164	30
75	3	60	-25	164	35
76	1	120	0	164	120
77	1	110	-250	164	-140
78	1	90	-350	164	-260
79	4	60	0	164	60
80	3	70	-25	164	45
81	3	65	0	164	65
82	3	55	-75	164	-20
83	4	55	0	164	55
84	4	65	0	164	65
85	3	75	-25	164	50
86	3	45	-50	164	-5
87	4	80	0	164	80
88	4	40	0	164	40
89	3	85	-75	164	10
90	3	70	-25	164	45
91	3	80	0	164	80
92	4	80	0	164	80
93	4	40	0	164	40
94	3	60	-25	164	35
95	3	65	-25	164	40
96	3	75	-25	164	50
97	3	70	-25	164	45
98	3	60	-75	164	-15
99	4	65	0	164	65
100	4	55	-300	164	-245
1	1	100	0	167	100
2	2	100	0	167	100
3	3	50	0	167	50
4	4	50	0	167	50
5	1	120	0	167	120
6	2	80	0	167	80
7	1	80	-150	167	-70
8	2	110	0	167	110
9	2	120	0	167	120
10	2	90	0	167	90
11	2	100	0	167	100
12	2	90	0	167	90
13	2	120	0	167	120
14	2	110	-1250	167	-1140
15	2	80	0	167	80
16	2	110	0	167	110
17	2	100	0	167	100
18	2	90	0	167	90
19	2	130	-1500	167	-1370
20	4	40	0	167	40
21	4	45	0	167	45
22	2	120	0	167	120
23	2	130	0	167	130
24	2	110	0	167	110
25	1	90	0	167	90
26	1	110	-300	167	-190
27	1	100	0	167	100
28	1	80	-200	167	-120
29	1	120	0	167	120
30	1	110	-250	167	-140
31	1	90	-350	167	-260
32	1	110	0	167	110
33	1	130	-350	167	-220
34	4	45	0	167	45
35	4	55	0	167	55
36	1	90	0	167	90
37	2	90	0	167	90
38	4	60	0	167	60
39	4	40	0	167	40
40	4	55	0	167	55
41	4	50	0	167	50
42	4	60	-250	167	-190
43	4	55	0	167	55
44	4	40	0	167	40
45	3	60	0	167	60
46	3	40	-50	167	-10
47	3	55	0	167	55
48	3	55	-50	167	5
49	3	45	0	167	45
50	3	50	-50	167	0
51	3	45	0	167	45
52	3	60	-50	167	10
53	3	40	-50	167	-10
54	3	55	0	167	55
55	3	55	-25	167	30
56	3	65	-75	167	-10
57	3	45	0	167	45
58	3	70	-25	167	45
59	3	40	0	167	40
60	3	50	-25	167	25
61	3	60	-75	167	-15
62	3	70	0	167	70
63	4	60	0	167	60
64	3	40	-50	167	-10
65	3	60	0	167	60
66	3	65	-25	167	40
67	3	55	0	167	55
68	3	80	-50	167	30
69	3	40	-25	167	15
70	3	60	-50	167	10
71	3	55	0	167	55
72	3	65	-25	167	40
73	3	40	-75	167	-35
74	3	80	-50	167	30
75	3	65	-25	167	40
76	3	75	0	167	75
77	3	55	-25	167	30
78	3	60	-25	167	35
79	3	70	-25	167	45
80	3	65	0	167	65
81	3	55	-75	167	-20
82	3	75	-25	167	50
83	3	45	-50	167	-5
84	3	85	-75	167	10
85	3	70	-25	167	45
86	3	80	0	167	80
87	3	60	-25	167	35
88	3	65	-25	167	40
89	3	75	-25	167	50
90	3	70	-25	167	45
91	3	60	-75	167	-15
92	3	80	-25	167	55
93	3	50	-50	167	0
94	3	90	-75	167	15
95	3	75	-25	167	50
96	3	85	-25	167	60
97	3	65	-25	167	40
98	3	70	-25	167	45
99	3	80	-25	167	55
100	3	75	-25	167	50
1	2	100	0	170	100
2	2	80	0	170	80
3	2	110	0	170	110
4	2	120	0	170	120
5	2	90	0	170	90
6	2	100	0	170	100
7	2	90	0	170	90
8	2	120	0	170	120
9	2	110	-1250	170	-1140
10	2	80	0	170	80
11	2	110	0	170	110
12	2	100	0	170	100
13	1	100	0	170	100
14	3	50	0	170	50
15	4	50	0	170	50
16	4	40	0	170	40
17	4	45	0	170	45
18	3	60	0	170	60
19	1	120	0	170	120
20	1	80	-150	170	-70
21	1	90	0	170	90
22	1	110	-300	170	-190
23	2	90	0	170	90
24	3	40	-50	170	-10
25	4	45	0	170	45
26	1	100	0	170	100
27	1	80	-200	170	-120
28	2	130	-1500	170	-1370
29	1	120	0	170	120
30	1	110	-250	170	-140
31	2	120	0	170	120
32	2	130	0	170	130
33	2	110	0	170	110
34	2	90	0	170	90
35	2	100	0	170	100
36	2	120	0	170	120
37	2	120	-1750	170	-1630
38	2	110	0	170	110
39	2	140	0	170	140
40	2	130	0	170	130
41	2	100	0	170	100
42	2	110	0	170	110
43	1	90	-350	170	-260
44	3	55	0	170	55
45	2	120	0	170	120
46	3	55	-50	170	5
47	1	110	0	170	110
48	1	130	-350	170	-220
49	1	90	0	170	90
50	1	100	-250	170	-150
51	1	120	-200	170	-80
52	1	110	0	170	110
53	2	120	0	170	120
54	2	140	0	170	140
55	2	110	0	170	110
56	2	130	0	170	130
57	3	45	0	170	45
58	3	50	-50	170	0
59	4	55	0	170	55
60	4	60	0	170	60
61	4	40	0	170	40
62	1	90	-300	170	-210
63	4	55	0	170	55
64	4	50	0	170	50
65	4	60	-250	170	-190
66	4	55	0	170	55
67	4	40	0	170	40
68	2	140	-2000	170	-1860
69	1	130	-150	170	-20
70	2	120	0	170	120
71	2	110	0	170	110
72	2	130	0	170	130
73	2	150	0	170	150
74	3	45	0	170	45
75	3	60	-50	170	10
76	2	110	0	170	110
77	2	150	0	170	150
78	2	120	0	170	120
79	3	40	-50	170	-10
80	2	140	0	170	140
81	2	140	0	170	140
82	2	150	0	170	150
83	3	55	0	170	55
84	2	130	0	170	130
85	2	120	0	170	120
86	3	55	-25	170	30
87	2	140	0	170	140
88	2	160	-2250	170	-2090
89	2	120	0	170	120
90	1	120	-250	170	-130
91	2	160	0	170	160
92	2	130	0	170	130
93	2	150	0	170	150
94	2	150	0	170	150
95	2	160	0	170	160
96	3	65	-75	170	-10
97	2	140	0	170	140
98	2	130	0	170	130
99	3	45	0	170	45
100	1	100	0	170	100
1	1	100	0	172	100
2	2	100	0	172	100
3	3	50	0	172	50
4	4	50	0	172	50
5	1	120	0	172	120
6	1	80	-150	172	-70
7	2	80	0	172	80
8	2	110	0	172	110
9	1	90	0	172	90
10	2	120	0	172	120
11	2	90	0	172	90
12	2	100	0	172	100
13	2	90	0	172	90
14	2	120	0	172	120
15	1	110	-300	172	-190
16	2	110	-1250	172	-1140
17	1	100	0	172	100
18	2	80	0	172	80
19	1	80	-200	172	-120
20	3	60	0	172	60
21	4	40	0	172	40
22	1	120	0	172	120
23	2	110	0	172	110
24	4	45	0	172	45
25	3	40	-50	172	-10
26	1	110	-250	172	-140
27	2	100	0	172	100
28	2	90	0	172	90
29	1	90	-350	172	-260
30	2	130	-1500	172	-1370
31	1	110	0	172	110
32	2	120	0	172	120
33	1	130	-350	172	-220
34	2	130	0	172	130
35	3	55	0	172	55
36	4	45	0	172	45
37	1	90	0	172	90
38	2	110	0	172	110
39	1	100	-250	172	-150
40	2	90	0	172	90
41	4	55	0	172	55
42	3	55	-50	172	5
43	4	60	0	172	60
44	4	40	0	172	40
45	4	55	0	172	55
46	4	50	0	172	50
47	4	60	-250	172	-190
48	3	45	0	172	45
49	4	55	0	172	55
50	1	120	-200	172	-80
51	2	100	0	172	100
52	4	40	0	172	40
53	3	50	-50	172	0
54	2	120	0	172	120
55	4	60	0	172	60
56	4	40	0	172	40
57	2	120	-1750	172	-1630
58	4	45	0	172	45
59	1	110	0	172	110
60	4	55	0	172	55
61	4	65	0	172	65
62	4	70	0	172	70
63	4	50	0	172	50
64	4	70	-275	172	-205
65	2	110	0	172	110
66	4	60	0	172	60
67	4	55	0	172	55
68	2	140	0	172	140
69	4	65	0	172	65
70	4	80	0	172	80
71	4	40	0	172	40
72	4	80	0	172	80
73	4	40	0	172	40
74	1	90	-300	172	-210
75	2	130	0	172	130
76	2	100	0	172	100
77	4	65	0	172	65
78	4	55	-300	172	-245
79	2	110	0	172	110
80	2	120	0	172	120
81	4	60	0	172	60
82	4	65	0	172	65
83	4	75	0	172	75
84	1	130	-150	172	-20
85	2	120	0	172	120
86	2	140	0	172	140
87	4	60	0	172	60
88	4	65	0	172	65
89	4	75	-325	172	-250
90	2	110	0	172	110
91	2	130	0	172	130
92	4	85	0	172	85
93	4	45	0	172	45
94	4	55	0	172	55
95	4	70	0	172	70
96	2	140	-2000	172	-1860
97	2	120	0	172	120
98	2	110	0	172	110
99	2	130	0	172	130
100	2	150	0	172	150
1	3	50	0	175	50
2	2	100	0	175	100
3	4	50	0	175	50
4	1	100	0	175	100
5	2	80	0	175	80
6	4	40	0	175	40
7	3	60	0	175	60
8	2	110	0	175	110
9	2	120	0	175	120
10	1	120	0	175	120
11	2	90	0	175	90
12	3	40	-50	175	-10
13	4	45	0	175	45
14	2	100	0	175	100
15	2	90	0	175	90
16	2	120	0	175	120
17	1	80	-150	175	-70
18	2	110	-1250	175	-1140
19	4	45	0	175	45
20	3	55	0	175	55
21	2	80	0	175	80
22	1	90	0	175	90
23	2	110	0	175	110
24	2	100	0	175	100
25	4	55	0	175	55
26	4	60	0	175	60
27	2	90	0	175	90
28	2	130	-1500	175	-1370
29	4	40	0	175	40
30	4	55	0	175	55
31	3	55	-50	175	5
32	1	110	-300	175	-190
33	2	120	0	175	120
34	2	130	0	175	130
35	3	45	0	175	45
36	4	50	0	175	50
37	3	50	-50	175	0
38	2	110	0	175	110
39	1	100	0	175	100
40	4	60	-250	175	-190
41	4	55	0	175	55
42	3	45	0	175	45
43	2	90	0	175	90
44	1	80	-200	175	-120
45	4	40	0	175	40
46	2	100	0	175	100
47	3	60	-50	175	10
48	1	120	0	175	120
49	4	60	0	175	60
50	4	40	0	175	40
51	1	110	-250	175	-140
52	2	120	0	175	120
53	4	45	0	175	45
54	3	40	-50	175	-10
55	4	55	0	175	55
56	1	90	-350	175	-260
57	2	120	-1750	175	-1630
58	3	55	0	175	55
59	4	65	0	175	65
60	4	70	0	175	70
61	2	110	0	175	110
62	3	55	-25	175	30
63	1	110	0	175	110
64	2	140	0	175	140
65	3	65	-75	175	-10
66	4	50	0	175	50
67	1	130	-350	175	-220
68	1	90	0	175	90
69	1	100	-250	175	-150
70	2	130	0	175	130
71	2	100	0	175	100
72	2	110	0	175	110
73	4	70	-275	175	-205
74	2	120	0	175	120
75	3	45	0	175	45
76	4	60	0	175	60
77	1	120	-200	175	-80
78	2	120	0	175	120
79	1	110	0	175	110
80	1	90	-300	175	-210
81	2	140	0	175	140
82	4	55	0	175	55
83	3	70	-25	175	45
84	2	110	0	175	110
85	2	130	0	175	130
86	1	130	-150	175	-20
87	1	120	-250	175	-130
88	1	100	0	175	100
89	2	140	-2000	175	-1860
90	3	40	0	175	40
91	4	65	0	175	65
92	2	120	0	175	120
93	2	110	0	175	110
94	2	130	0	175	130
95	2	150	0	175	150
96	2	110	0	175	110
97	1	120	-250	175	-130
98	1	140	-300	175	-160
99	4	80	0	175	80
100	3	50	-25	175	25
1	4	50	0	177	50
2	4	40	0	177	40
3	2	100	0	177	100
4	1	100	0	177	100
5	4	45	0	177	45
6	2	80	0	177	80
7	4	45	0	177	45
8	4	55	0	177	55
9	1	120	0	177	120
10	2	110	0	177	110
11	4	60	0	177	60
12	4	40	0	177	40
13	1	80	-150	177	-70
14	1	90	0	177	90
15	4	55	0	177	55
16	3	50	0	177	50
17	4	50	0	177	50
18	2	120	0	177	120
19	1	110	-300	177	-190
20	4	60	-250	177	-190
21	2	90	0	177	90
22	3	60	0	177	60
23	4	55	0	177	55
24	1	100	0	177	100
25	1	80	-200	177	-120
26	4	40	0	177	40
27	1	120	0	177	120
28	4	60	0	177	60
29	2	100	0	177	100
30	4	40	0	177	40
31	1	110	-250	177	-140
32	4	45	0	177	45
33	2	90	0	177	90
34	3	40	-50	177	-10
35	4	55	0	177	55
36	2	120	0	177	120
37	4	65	0	177	65
38	1	90	-350	177	-260
39	1	110	0	177	110
40	4	70	0	177	70
41	3	55	0	177	55
42	4	50	0	177	50
43	1	130	-350	177	-220
44	1	90	0	177	90
45	4	70	-275	177	-205
46	4	60	0	177	60
47	3	55	-50	177	5
48	3	45	0	177	45
49	4	55	0	177	55
50	1	100	-250	177	-150
51	1	120	-200	177	-80
52	1	110	0	177	110
53	3	50	-50	177	0
54	3	45	0	177	45
55	4	65	0	177	65
56	4	80	0	177	80
57	1	90	-300	177	-210
58	1	130	-150	177	-20
59	4	40	0	177	40
60	2	110	-1250	177	-1140
61	2	80	0	177	80
62	4	80	0	177	80
63	3	60	-50	177	10
64	4	40	0	177	40
65	2	110	0	177	110
66	3	40	-50	177	-10
67	3	55	0	177	55
68	4	65	0	177	65
69	3	55	-25	177	30
70	3	65	-75	177	-10
71	3	45	0	177	45
72	4	55	-300	177	-245
73	4	60	0	177	60
74	1	120	-250	177	-130
75	1	100	0	177	100
76	4	65	0	177	65
77	3	70	-25	177	45
78	3	40	0	177	40
79	1	120	-250	177	-130
80	4	75	0	177	75
81	4	60	0	177	60
82	4	65	0	177	65
83	4	75	-325	177	-250
84	4	85	0	177	85
85	2	100	0	177	100
86	4	45	0	177	45
87	4	55	0	177	55
88	3	50	-25	177	25
89	3	60	-75	177	-15
90	3	70	0	177	70
91	4	70	0	177	70
92	2	90	0	177	90
93	4	55	0	177	55
94	2	130	-1500	177	-1370
95	3	40	-50	177	-10
96	3	60	0	177	60
97	4	70	0	177	70
98	4	80	0	177	80
99	4	65	0	177	65
100	4	70	0	177	70
1	1	100	0	186	100
2	4	50	0	186	50
3	3	50	0	186	50
4	3	60	0	186	60
5	1	120	0	186	120
6	1	80	-150	186	-70
7	4	40	0	186	40
8	4	45	0	186	45
9	1	90	0	186	90
10	1	110	-300	186	-190
11	3	40	-50	186	-10
12	4	45	0	186	45
13	4	55	0	186	55
14	4	60	0	186	60
15	4	40	0	186	40
16	1	100	0	186	100
17	4	55	0	186	55
18	4	50	0	186	50
19	1	80	-200	186	-120
20	1	120	0	186	120
21	1	110	-250	186	-140
22	2	100	0	186	100
23	2	80	0	186	80
24	3	55	0	186	55
25	4	60	-250	186	-190
26	4	55	0	186	55
27	4	40	0	186	40
28	4	60	0	186	60
29	4	40	0	186	40
30	2	110	0	186	110
31	2	120	0	186	120
32	4	45	0	186	45
33	2	90	0	186	90
34	3	55	-50	186	5
35	3	45	0	186	45
36	3	50	-50	186	0
37	3	45	0	186	45
38	3	60	-50	186	10
39	3	40	-50	186	-10
40	2	100	0	186	100
41	2	90	0	186	90
42	1	90	-350	186	-260
43	4	55	0	186	55
44	4	65	0	186	65
45	4	70	0	186	70
46	4	50	0	186	50
47	1	110	0	186	110
48	3	55	0	186	55
49	1	130	-350	186	-220
50	3	55	-25	186	30
51	3	65	-75	186	-10
52	4	70	-275	186	-205
53	2	120	0	186	120
54	2	110	-1250	186	-1140
55	1	90	0	186	90
56	1	100	-250	186	-150
57	4	60	0	186	60
58	4	55	0	186	55
59	4	65	0	186	65
60	4	80	0	186	80
61	4	40	0	186	40
62	4	80	0	186	80
63	4	40	0	186	40
64	1	120	-200	186	-80
65	4	65	0	186	65
66	4	55	-300	186	-245
67	3	45	0	186	45
68	3	70	-25	186	45
69	2	80	0	186	80
70	4	60	0	186	60
71	1	110	0	186	110
72	3	40	0	186	40
73	1	90	-300	186	-210
74	4	65	0	186	65
75	3	50	-25	186	25
76	4	75	0	186	75
77	4	60	0	186	60
78	2	110	0	186	110
79	3	60	-75	186	-15
80	1	130	-150	186	-20
81	1	120	-250	186	-130
82	1	100	0	186	100
83	1	120	-250	186	-130
84	2	100	0	186	100
85	3	70	0	186	70
86	4	65	0	186	65
87	1	140	-300	186	-160
88	3	40	-50	186	-10
89	2	90	0	186	90
90	4	75	-325	186	-250
91	3	60	0	186	60
92	1	110	0	186	110
93	2	130	-1500	186	-1370
94	3	65	-25	186	40
95	4	85	0	186	85
96	4	45	0	186	45
97	4	55	0	186	55
98	3	55	0	186	55
99	4	70	0	186	70
100	2	120	0	186	120
1	4	50	0	191	50
2	2	100	0	191	100
3	3	50	0	191	50
4	3	60	0	191	60
5	1	100	0	191	100
6	1	120	0	191	120
7	2	80	0	191	80
8	3	40	-50	191	-10
9	4	40	0	191	40
10	3	55	0	191	55
11	3	55	-50	191	5
12	2	110	0	191	110
13	3	45	0	191	45
14	4	45	0	191	45
15	4	45	0	191	45
16	1	80	-150	191	-70
17	2	120	0	191	120
18	2	90	0	191	90
19	2	100	0	191	100
20	2	90	0	191	90
21	3	50	-50	191	0
22	1	90	0	191	90
23	2	120	0	191	120
24	1	110	-300	191	-190
25	2	110	-1250	191	-1140
26	2	80	0	191	80
27	3	45	0	191	45
28	2	110	0	191	110
29	1	100	0	191	100
30	1	80	-200	191	-120
31	2	100	0	191	100
32	3	60	-50	191	10
33	4	55	0	191	55
34	2	90	0	191	90
35	1	120	0	191	120
36	3	40	-50	191	-10
37	4	60	0	191	60
38	1	110	-250	191	-140
39	1	90	-350	191	-260
40	1	110	0	191	110
41	1	130	-350	191	-220
42	2	130	-1500	191	-1370
43	1	90	0	191	90
44	2	120	0	191	120
45	2	130	0	191	130
46	3	55	0	191	55
47	2	110	0	191	110
48	2	90	0	191	90
49	2	100	0	191	100
50	4	40	0	191	40
51	3	55	-25	191	30
52	2	120	0	191	120
53	2	120	-1750	191	-1630
54	1	100	-250	191	-150
55	2	110	0	191	110
56	2	140	0	191	140
57	1	120	-200	191	-80
58	2	130	0	191	130
59	2	100	0	191	100
60	4	55	0	191	55
61	2	110	0	191	110
62	2	120	0	191	120
63	4	50	0	191	50
64	2	120	0	191	120
65	2	140	0	191	140
66	2	110	0	191	110
67	4	60	-250	191	-190
68	2	130	0	191	130
69	2	140	-2000	191	-1860
70	2	120	0	191	120
71	4	55	0	191	55
72	4	40	0	191	40
73	2	110	0	191	110
74	2	130	0	191	130
75	2	150	0	191	150
76	2	110	0	191	110
77	4	60	0	191	60
78	2	150	0	191	150
79	2	120	0	191	120
80	2	140	0	191	140
81	2	140	0	191	140
82	4	40	0	191	40
83	4	45	0	191	45
84	4	55	0	191	55
85	2	150	0	191	150
86	2	130	0	191	130
87	2	120	0	191	120
88	2	140	0	191	140
89	2	160	-2250	191	-2090
90	2	120	0	191	120
91	2	160	0	191	160
92	2	130	0	191	130
93	2	150	0	191	150
94	2	150	0	191	150
95	2	160	0	191	160
96	2	140	0	191	140
97	2	130	0	191	130
98	2	150	0	191	150
99	4	65	0	191	65
100	2	170	0	191	170
1	3	50	0	205	50
2	2	100	0	205	100
3	4	50	0	205	50
4	1	100	0	205	100
5	3	60	0	205	60
6	4	40	0	205	40
7	1	120	0	205	120
8	3	40	-50	205	-10
9	4	45	0	205	45
10	1	80	-150	205	-70
11	3	55	0	205	55
12	1	90	0	205	90
13	4	45	0	205	45
14	1	110	-300	205	-190
15	3	55	-50	205	5
16	3	45	0	205	45
17	1	100	0	205	100
18	4	55	0	205	55
19	2	80	0	205	80
20	1	80	-200	205	-120
21	3	50	-50	205	0
22	3	45	0	205	45
23	2	110	0	205	110
24	4	60	0	205	60
25	1	120	0	205	120
26	2	120	0	205	120
27	3	60	-50	205	10
28	4	40	0	205	40
29	3	40	-50	205	-10
30	3	55	0	205	55
31	1	110	-250	205	-140
32	2	90	0	205	90
33	4	55	0	205	55
34	2	100	0	205	100
35	4	50	0	205	50
36	1	90	-350	205	-260
37	3	55	-25	205	30
38	3	65	-75	205	-10
39	4	60	-250	205	-190
40	4	55	0	205	55
41	1	110	0	205	110
42	3	45	0	205	45
43	2	90	0	205	90
44	4	40	0	205	40
45	1	130	-350	205	-220
46	2	120	0	205	120
47	3	70	-25	205	45
48	3	40	0	205	40
49	1	90	0	205	90
50	2	110	-1250	205	-1140
51	3	50	-25	205	25
52	4	60	0	205	60
53	1	100	-250	205	-150
54	2	80	0	205	80
55	1	120	-200	205	-80
56	3	60	-75	205	-15
57	4	40	0	205	40
58	2	110	0	205	110
59	3	70	0	205	70
60	4	45	0	205	45
61	2	100	0	205	100
62	3	40	-50	205	-10
63	1	110	0	205	110
64	4	55	0	205	55
65	2	90	0	205	90
66	3	60	0	205	60
67	1	90	-300	205	-210
68	3	65	-25	205	40
69	2	130	-1500	205	-1370
70	4	65	0	205	65
71	3	55	0	205	55
72	2	120	0	205	120
73	1	130	-150	205	-20
74	3	80	-50	205	30
75	2	130	0	205	130
76	4	70	0	205	70
77	1	120	-250	205	-130
78	3	40	-25	205	15
79	3	60	-50	205	10
80	4	50	0	205	50
81	1	100	0	205	100
82	2	110	0	205	110
83	3	55	0	205	55
84	4	70	-275	205	-205
85	1	120	-250	205	-130
86	2	90	0	205	90
87	3	65	-25	205	40
88	4	60	0	205	60
89	1	140	-300	205	-160
90	2	100	0	205	100
91	3	40	-75	205	-35
92	2	120	0	205	120
93	4	55	0	205	55
94	1	110	0	205	110
95	2	120	-1750	205	-1630
96	3	80	-50	205	30
97	4	65	0	205	65
98	3	65	-25	205	40
99	2	110	0	205	110
100	3	75	0	205	75
1	3	50	0	210	50
2	3	60	0	210	60
3	3	40	-50	210	-10
4	4	50	0	210	50
5	1	100	0	210	100
6	1	120	0	210	120
7	3	55	0	210	55
8	3	55	-50	210	5
9	3	45	0	210	45
10	4	40	0	210	40
11	2	100	0	210	100
12	1	80	-150	210	-70
13	4	45	0	210	45
14	3	50	-50	210	0
15	2	80	0	210	80
16	2	110	0	210	110
17	1	90	0	210	90
18	1	110	-300	210	-190
19	4	45	0	210	45
20	4	55	0	210	55
21	4	60	0	210	60
22	4	40	0	210	40
23	1	100	0	210	100
24	1	80	-200	210	-120
25	2	120	0	210	120
26	3	45	0	210	45
27	3	60	-50	210	10
28	4	55	0	210	55
29	4	50	0	210	50
30	4	60	-250	210	-190
31	4	55	0	210	55
32	4	40	0	210	40
33	4	60	0	210	60
34	3	40	-50	210	-10
35	2	90	0	210	90
36	1	120	0	210	120
37	1	110	-250	210	-140
38	1	90	-350	210	-260
39	1	110	0	210	110
40	1	130	-350	210	-220
41	2	100	0	210	100
42	2	90	0	210	90
43	3	55	0	210	55
44	2	120	0	210	120
45	2	110	-1250	210	-1140
46	3	55	-25	210	30
47	1	90	0	210	90
48	4	40	0	210	40
49	2	80	0	210	80
50	2	110	0	210	110
51	1	100	-250	210	-150
52	1	120	-200	210	-80
53	4	45	0	210	45
54	4	55	0	210	55
55	4	65	0	210	65
56	3	65	-75	210	-10
57	4	70	0	210	70
58	4	50	0	210	50
59	2	100	0	210	100
60	2	90	0	210	90
61	1	110	0	210	110
62	1	90	-300	210	-210
63	2	130	-1500	210	-1370
64	3	45	0	210	45
65	4	70	-275	210	-205
66	1	130	-150	210	-20
67	2	120	0	210	120
68	2	130	0	210	130
69	2	110	0	210	110
70	3	70	-25	210	45
71	1	120	-250	210	-130
72	1	100	0	210	100
73	1	120	-250	210	-130
74	4	60	0	210	60
75	4	55	0	210	55
76	4	65	0	210	65
77	4	80	0	210	80
78	4	40	0	210	40
79	3	40	0	210	40
80	3	50	-25	210	25
81	1	140	-300	210	-160
82	4	80	0	210	80
83	4	40	0	210	40
84	2	90	0	210	90
85	4	65	0	210	65
86	2	100	0	210	100
87	3	60	-75	210	-15
88	2	120	0	210	120
89	1	110	0	210	110
90	4	55	-300	210	-245
91	1	110	-350	210	-240
92	2	120	-1750	210	-1630
93	1	100	0	210	100
94	1	120	-200	210	-80
95	1	130	-250	210	-120
96	1	110	-150	210	-40
97	1	140	-250	210	-110
98	1	120	0	210	120
99	1	130	-350	210	-220
100	1	120	-200	210	-80
1	3	50	0	221	50
2	2	100	0	221	100
3	3	60	0	221	60
4	3	40	-50	221	-10
5	1	100	0	221	100
6	4	50	0	221	50
7	3	55	0	221	55
8	2	80	0	221	80
9	1	120	0	221	120
10	3	55	-50	221	5
11	2	110	0	221	110
12	4	40	0	221	40
13	1	80	-150	221	-70
14	3	45	0	221	45
15	3	50	-50	221	0
16	2	120	0	221	120
17	1	90	0	221	90
18	2	90	0	221	90
19	3	45	0	221	45
20	4	45	0	221	45
21	3	60	-50	221	10
22	2	100	0	221	100
23	4	45	0	221	45
24	1	110	-300	221	-190
25	3	40	-50	221	-10
26	2	90	0	221	90
27	1	100	0	221	100
28	3	55	0	221	55
29	1	80	-200	221	-120
30	2	120	0	221	120
31	4	55	0	221	55
32	3	55	-25	221	30
33	4	60	0	221	60
34	2	110	-1250	221	-1140
35	4	40	0	221	40
36	3	65	-75	221	-10
37	1	120	0	221	120
38	4	55	0	221	55
39	2	80	0	221	80
40	3	45	0	221	45
41	4	50	0	221	50
42	4	60	-250	221	-190
43	3	70	-25	221	45
44	3	40	0	221	40
45	2	110	0	221	110
46	4	55	0	221	55
47	1	110	-250	221	-140
48	3	50	-25	221	25
49	2	100	0	221	100
50	1	90	-350	221	-260
51	3	60	-75	221	-15
52	2	90	0	221	90
53	4	40	0	221	40
54	3	70	0	221	70
55	1	110	0	221	110
56	4	60	0	221	60
57	2	130	-1500	221	-1370
58	2	120	0	221	120
59	3	40	-50	221	-10
60	2	130	0	221	130
61	1	130	-350	221	-220
62	4	40	0	221	40
63	3	60	0	221	60
64	2	110	0	221	110
65	4	45	0	221	45
66	3	65	-25	221	40
67	2	90	0	221	90
68	4	55	0	221	55
69	1	90	0	221	90
70	3	55	0	221	55
71	3	80	-50	221	30
72	4	65	0	221	65
73	2	100	0	221	100
74	3	40	-25	221	15
75	4	70	0	221	70
76	4	50	0	221	50
77	3	60	-50	221	10
78	3	55	0	221	55
79	2	120	0	221	120
80	4	70	-275	221	-205
81	3	65	-25	221	40
82	3	40	-75	221	-35
83	2	120	-1750	221	-1630
84	4	60	0	221	60
85	1	100	-250	221	-150
86	3	80	-50	221	30
87	4	55	0	221	55
88	2	110	0	221	110
89	3	65	-25	221	40
90	1	120	-200	221	-80
91	4	65	0	221	65
92	3	75	0	221	75
93	2	140	0	221	140
94	4	80	0	221	80
95	3	55	-25	221	30
96	1	110	0	221	110
97	2	130	0	221	130
98	3	60	-25	221	35
99	4	40	0	221	40
100	3	70	-25	221	45
1	2	100	0	224	100
2	2	80	0	224	80
3	4	50	0	224	50
4	3	50	0	224	50
5	3	60	0	224	60
6	3	40	-50	224	-10
7	2	110	0	224	110
8	4	40	0	224	40
9	1	100	0	224	100
10	1	120	0	224	120
11	2	120	0	224	120
12	2	90	0	224	90
13	3	55	0	224	55
14	3	55	-50	224	5
15	3	45	0	224	45
16	4	45	0	224	45
17	1	80	-150	224	-70
18	1	90	0	224	90
19	2	100	0	224	100
20	2	90	0	224	90
21	3	50	-50	224	0
22	3	45	0	224	45
23	4	45	0	224	45
24	1	110	-300	224	-190
25	1	100	0	224	100
26	1	80	-200	224	-120
27	2	120	0	224	120
28	2	110	-1250	224	-1140
29	2	80	0	224	80
30	3	60	-50	224	10
31	4	55	0	224	55
32	1	120	0	224	120
33	1	110	-250	224	-140
34	2	110	0	224	110
35	3	40	-50	224	-10
36	4	60	0	224	60
37	1	90	-350	224	-260
38	2	100	0	224	100
39	3	55	0	224	55
40	2	90	0	224	90
41	1	110	0	224	110
42	4	40	0	224	40
43	1	130	-350	224	-220
44	1	90	0	224	90
45	1	100	-250	224	-150
46	2	130	-1500	224	-1370
47	4	55	0	224	55
48	3	55	-25	224	30
49	2	120	0	224	120
50	3	65	-75	224	-10
51	4	50	0	224	50
52	1	120	-200	224	-80
53	2	130	0	224	130
54	4	60	-250	224	-190
55	3	45	0	224	45
56	2	110	0	224	110
57	2	90	0	224	90
58	3	70	-25	224	45
59	1	110	0	224	110
60	4	55	0	224	55
61	2	100	0	224	100
62	3	40	0	224	40
63	4	40	0	224	40
64	3	50	-25	224	25
65	3	60	-75	224	-15
66	1	90	-300	224	-210
67	2	120	0	224	120
68	1	130	-150	224	-20
69	2	120	-1750	224	-1630
70	3	70	0	224	70
71	4	60	0	224	60
72	3	40	-50	224	-10
73	2	110	0	224	110
74	1	120	-250	224	-130
75	2	140	0	224	140
76	4	40	0	224	40
77	4	45	0	224	45
78	4	55	0	224	55
79	4	65	0	224	65
80	4	70	0	224	70
81	4	50	0	224	50
82	4	70	-275	224	-205
83	4	60	0	224	60
84	4	55	0	224	55
85	3	60	0	224	60
86	3	65	-25	224	40
87	4	65	0	224	65
88	4	80	0	224	80
89	3	55	0	224	55
90	4	40	0	224	40
91	4	80	0	224	80
92	3	80	-50	224	30
93	4	40	0	224	40
94	4	65	0	224	65
95	3	40	-25	224	15
96	3	60	-50	224	10
97	4	55	-300	224	-245
98	4	60	0	224	60
99	4	65	0	224	65
100	1	100	0	224	100
1	3	50	0	232	50
2	2	100	0	232	100
3	4	50	0	232	50
4	1	100	0	232	100
5	2	80	0	232	80
6	3	60	0	232	60
7	4	40	0	232	40
8	1	120	0	232	120
9	2	110	0	232	110
10	3	40	-50	232	-10
11	4	45	0	232	45
12	2	120	0	232	120
13	3	55	0	232	55
14	1	80	-150	232	-70
15	4	45	0	232	45
16	3	55	-50	232	5
17	2	90	0	232	90
18	4	55	0	232	55
19	3	45	0	232	45
20	1	90	0	232	90
21	2	100	0	232	100
22	4	60	0	232	60
23	3	50	-50	232	0
24	4	40	0	232	40
25	1	110	-300	232	-190
26	2	90	0	232	90
27	4	55	0	232	55
28	3	45	0	232	45
29	1	100	0	232	100
30	4	50	0	232	50
31	3	60	-50	232	10
32	2	120	0	232	120
33	4	60	-250	232	-190
34	2	110	-1250	232	-1140
35	2	80	0	232	80
36	3	40	-50	232	-10
37	1	80	-200	232	-120
38	4	55	0	232	55
39	1	120	0	232	120
40	3	55	0	232	55
41	2	110	0	232	110
42	4	40	0	232	40
43	1	110	-250	232	-140
44	2	100	0	232	100
45	3	55	-25	232	30
46	4	60	0	232	60
47	3	65	-75	232	-10
48	4	40	0	232	40
49	1	90	-350	232	-260
50	2	90	0	232	90
51	3	45	0	232	45
52	2	130	-1500	232	-1370
53	3	70	-25	232	45
54	4	45	0	232	45
55	1	110	0	232	110
56	4	55	0	232	55
57	1	130	-350	232	-220
58	2	120	0	232	120
59	4	65	0	232	65
60	2	130	0	232	130
61	3	40	0	232	40
62	1	90	0	232	90
63	4	70	0	232	70
64	3	50	-25	232	25
65	3	60	-75	232	-15
66	4	50	0	232	50
67	4	70	-275	232	-205
68	1	100	-250	232	-150
69	2	110	0	232	110
70	3	70	0	232	70
71	2	90	0	232	90
72	3	40	-50	232	-10
73	2	100	0	232	100
74	2	120	0	232	120
75	2	120	-1750	232	-1630
76	2	110	0	232	110
77	2	140	0	232	140
78	2	130	0	232	130
79	1	120	-200	232	-80
80	1	110	0	232	110
81	1	90	-300	232	-210
82	4	60	0	232	60
83	4	55	0	232	55
84	2	100	0	232	100
85	3	60	0	232	60
86	2	110	0	232	110
87	1	130	-150	232	-20
88	4	65	0	232	65
89	1	120	-250	232	-130
90	2	120	0	232	120
91	3	65	-25	232	40
92	2	120	0	232	120
93	3	55	0	232	55
94	1	100	0	232	100
95	2	140	0	232	140
96	3	80	-50	232	30
97	1	120	-250	232	-130
98	3	40	-25	232	15
99	2	110	0	232	110
100	4	80	0	232	80
1	2	100	0	234	100
2	4	50	0	234	50
3	4	40	0	234	40
4	4	45	0	234	45
5	1	100	0	234	100
6	2	80	0	234	80
7	4	45	0	234	45
8	3	50	0	234	50
9	1	120	0	234	120
10	1	80	-150	234	-70
11	2	110	0	234	110
12	1	90	0	234	90
13	1	110	-300	234	-190
14	4	55	0	234	55
15	3	60	0	234	60
16	2	120	0	234	120
17	4	60	0	234	60
18	1	100	0	234	100
19	2	90	0	234	90
20	2	100	0	234	100
21	1	80	-200	234	-120
22	1	120	0	234	120
23	4	40	0	234	40
24	3	40	-50	234	-10
25	4	55	0	234	55
26	2	90	0	234	90
27	1	110	-250	234	-140
28	1	90	-350	234	-260
29	1	110	0	234	110
30	3	55	0	234	55
31	2	120	0	234	120
32	4	50	0	234	50
33	2	110	-1250	234	-1140
34	1	130	-350	234	-220
35	1	90	0	234	90
36	2	80	0	234	80
37	3	55	-50	234	5
38	3	45	0	234	45
39	2	110	0	234	110
40	2	100	0	234	100
41	2	90	0	234	90
42	2	130	-1500	234	-1370
43	2	120	0	234	120
44	1	100	-250	234	-150
45	2	130	0	234	130
46	2	110	0	234	110
47	2	90	0	234	90
48	1	120	-200	234	-80
49	1	110	0	234	110
50	1	90	-300	234	-210
51	2	100	0	234	100
52	2	120	0	234	120
53	2	120	-1750	234	-1630
54	2	110	0	234	110
55	2	140	0	234	140
56	4	60	-250	234	-190
57	3	50	-50	234	0
58	2	130	0	234	130
59	2	100	0	234	100
60	1	130	-150	234	-20
61	2	110	0	234	110
62	2	120	0	234	120
63	1	120	-250	234	-130
64	2	120	0	234	120
65	2	140	0	234	140
66	1	100	0	234	100
67	1	120	-250	234	-130
68	2	110	0	234	110
69	1	140	-300	234	-160
70	2	130	0	234	130
71	2	140	-2000	234	-1860
72	2	120	0	234	120
73	1	110	0	234	110
74	1	110	-350	234	-240
75	1	100	0	234	100
76	1	120	-200	234	-80
77	1	130	-250	234	-120
78	1	110	-150	234	-40
79	2	110	0	234	110
80	2	130	0	234	130
81	2	150	0	234	150
82	2	110	0	234	110
83	2	150	0	234	150
84	2	120	0	234	120
85	2	140	0	234	140
86	2	140	0	234	140
87	2	150	0	234	150
88	2	130	0	234	130
89	2	120	0	234	120
90	2	140	0	234	140
91	2	160	-2250	234	-2090
92	2	120	0	234	120
93	2	160	0	234	160
94	2	130	0	234	130
95	2	150	0	234	150
96	2	150	0	234	150
97	1	140	-250	234	-110
98	2	160	0	234	160
99	2	140	0	234	140
100	2	130	0	234	130
1	2	100	0	237	100
2	2	80	0	237	80
3	2	110	0	237	110
4	2	120	0	237	120
5	1	100	0	237	100
6	2	90	0	237	90
7	2	100	0	237	100
8	2	90	0	237	90
9	1	120	0	237	120
10	1	80	-150	237	-70
11	1	90	0	237	90
12	2	120	0	237	120
13	2	110	-1250	237	-1140
14	3	50	0	237	50
15	3	60	0	237	60
16	3	40	-50	237	-10
17	2	80	0	237	80
18	1	110	-300	237	-190
19	1	100	0	237	100
20	1	80	-200	237	-120
21	1	120	0	237	120
22	1	110	-250	237	-140
23	2	110	0	237	110
24	4	50	0	237	50
25	4	40	0	237	40
26	4	45	0	237	45
27	1	90	-350	237	-260
28	1	110	0	237	110
29	1	130	-350	237	-220
30	2	100	0	237	100
31	2	90	0	237	90
32	1	90	0	237	90
33	1	100	-250	237	-150
34	3	55	0	237	55
35	3	55	-50	237	5
36	4	45	0	237	45
37	4	55	0	237	55
38	3	45	0	237	45
39	2	130	-1500	237	-1370
40	2	120	0	237	120
41	1	120	-200	237	-80
42	2	130	0	237	130
43	2	110	0	237	110
44	3	50	-50	237	0
45	4	60	0	237	60
46	4	40	0	237	40
47	3	45	0	237	45
48	2	90	0	237	90
49	4	55	0	237	55
50	3	60	-50	237	10
51	2	100	0	237	100
52	1	110	0	237	110
53	1	90	-300	237	-210
54	1	130	-150	237	-20
55	1	120	-250	237	-130
56	1	100	0	237	100
57	2	120	0	237	120
58	3	40	-50	237	-10
59	4	50	0	237	50
60	4	60	-250	237	-190
61	3	55	0	237	55
62	2	120	-1750	237	-1630
63	2	110	0	237	110
64	1	120	-250	237	-130
65	3	55	-25	237	30
66	4	55	0	237	55
67	3	65	-75	237	-10
68	1	140	-300	237	-160
69	2	140	0	237	140
70	2	130	0	237	130
71	2	100	0	237	100
72	2	110	0	237	110
73	2	120	0	237	120
74	2	120	0	237	120
75	2	140	0	237	140
76	2	110	0	237	110
77	1	110	0	237	110
78	2	130	0	237	130
79	4	40	0	237	40
80	2	140	-2000	237	-1860
81	2	120	0	237	120
82	2	110	0	237	110
83	1	110	-350	237	-240
84	2	130	0	237	130
85	2	150	0	237	150
86	4	60	0	237	60
87	2	110	0	237	110
88	1	100	0	237	100
89	2	150	0	237	150
90	4	40	0	237	40
91	2	120	0	237	120
92	2	140	0	237	140
93	1	120	-200	237	-80
94	2	140	0	237	140
95	1	130	-250	237	-120
96	2	150	0	237	150
97	4	45	0	237	45
98	3	45	0	237	45
99	2	130	0	237	130
100	2	120	0	237	120
1	1	100	0	238	100
2	3	50	0	238	50
3	2	100	0	238	100
4	4	50	0	238	50
5	1	120	0	238	120
6	1	80	-150	238	-70
7	3	60	0	238	60
8	1	90	0	238	90
9	2	80	0	238	80
10	4	40	0	238	40
11	1	110	-300	238	-190
12	2	110	0	238	110
13	2	120	0	238	120
14	1	100	0	238	100
15	2	90	0	238	90
16	1	80	-200	238	-120
17	3	40	-50	238	-10
18	4	45	0	238	45
19	2	100	0	238	100
20	1	120	0	238	120
21	2	90	0	238	90
22	1	110	-250	238	-140
23	1	90	-350	238	-260
24	2	120	0	238	120
25	3	55	0	238	55
26	4	45	0	238	45
27	2	110	-1250	238	-1140
28	1	110	0	238	110
29	2	80	0	238	80
30	1	130	-350	238	-220
31	2	110	0	238	110
32	3	55	-50	238	5
33	4	55	0	238	55
34	1	90	0	238	90
35	2	100	0	238	100
36	2	90	0	238	90
37	2	130	-1500	238	-1370
38	1	100	-250	238	-150
39	1	120	-200	238	-80
40	3	45	0	238	45
41	2	120	0	238	120
42	2	130	0	238	130
43	2	110	0	238	110
44	1	110	0	238	110
45	1	90	-300	238	-210
46	3	50	-50	238	0
47	3	45	0	238	45
48	4	60	0	238	60
49	2	90	0	238	90
50	1	130	-150	238	-20
51	2	100	0	238	100
52	2	120	0	238	120
53	3	60	-50	238	10
54	2	120	-1750	238	-1630
55	2	110	0	238	110
56	1	120	-250	238	-130
57	2	140	0	238	140
58	2	130	0	238	130
59	4	40	0	238	40
60	2	100	0	238	100
61	4	55	0	238	55
62	2	110	0	238	110
63	4	50	0	238	50
64	2	120	0	238	120
65	4	60	-250	238	-190
66	2	120	0	238	120
67	2	140	0	238	140
68	2	110	0	238	110
69	3	40	-50	238	-10
70	2	130	0	238	130
71	2	140	-2000	238	-1860
72	2	120	0	238	120
73	1	100	0	238	100
74	1	120	-250	238	-130
75	2	110	0	238	110
76	1	140	-300	238	-160
77	3	55	0	238	55
78	4	55	0	238	55
79	4	40	0	238	40
80	2	130	0	238	130
81	2	150	0	238	150
82	2	110	0	238	110
83	2	150	0	238	150
84	1	110	0	238	110
85	1	110	-350	238	-240
86	2	120	0	238	120
87	2	140	0	238	140
88	2	140	0	238	140
89	1	100	0	238	100
90	2	150	0	238	150
91	4	60	0	238	60
92	1	120	-200	238	-80
93	3	55	-25	238	30
94	2	130	0	238	130
95	2	120	0	238	120
96	2	140	0	238	140
97	2	160	-2250	238	-2090
98	4	40	0	238	40
99	2	120	0	238	120
100	2	160	0	238	160
1	1	100	0	248	100
2	3	50	0	248	50
3	1	120	0	248	120
4	2	100	0	248	100
5	4	50	0	248	50
6	4	40	0	248	40
7	3	60	0	248	60
8	1	80	-150	248	-70
9	2	80	0	248	80
10	3	40	-50	248	-10
11	2	110	0	248	110
12	4	45	0	248	45
13	3	55	0	248	55
14	1	90	0	248	90
15	1	110	-300	248	-190
16	1	100	0	248	100
17	2	120	0	248	120
18	1	80	-200	248	-120
19	3	55	-50	248	5
20	2	90	0	248	90
21	4	45	0	248	45
22	2	100	0	248	100
23	2	90	0	248	90
24	1	120	0	248	120
25	2	120	0	248	120
26	1	110	-250	248	-140
27	3	45	0	248	45
28	1	90	-350	248	-260
29	1	110	0	248	110
30	1	130	-350	248	-220
31	2	110	-1250	248	-1140
32	3	50	-50	248	0
33	4	55	0	248	55
34	1	90	0	248	90
35	2	80	0	248	80
36	3	45	0	248	45
37	4	60	0	248	60
38	1	100	-250	248	-150
39	1	120	-200	248	-80
40	2	110	0	248	110
41	3	60	-50	248	10
42	4	40	0	248	40
43	3	40	-50	248	-10
44	4	55	0	248	55
45	1	110	0	248	110
46	2	100	0	248	100
47	1	90	-300	248	-210
48	3	55	0	248	55
49	2	90	0	248	90
50	4	50	0	248	50
51	2	130	-1500	248	-1370
52	3	55	-25	248	30
53	4	60	-250	248	-190
54	1	130	-150	248	-20
55	1	120	-250	248	-130
56	1	100	0	248	100
57	1	120	-250	248	-130
58	2	120	0	248	120
59	2	130	0	248	130
60	1	140	-300	248	-160
61	2	110	0	248	110
62	3	65	-75	248	-10
63	4	55	0	248	55
64	4	40	0	248	40
65	3	45	0	248	45
66	2	90	0	248	90
67	1	110	0	248	110
68	1	110	-350	248	-240
69	2	100	0	248	100
70	3	70	-25	248	45
71	4	60	0	248	60
72	3	40	0	248	40
73	2	120	0	248	120
74	3	50	-25	248	25
75	4	40	0	248	40
76	1	100	0	248	100
77	3	60	-75	248	-15
78	4	45	0	248	45
79	2	120	-1750	248	-1630
80	3	70	0	248	70
81	4	55	0	248	55
82	1	120	-200	248	-80
83	2	110	0	248	110
84	3	40	-50	248	-10
85	4	65	0	248	65
86	4	70	0	248	70
87	3	60	0	248	60
88	3	65	-25	248	40
89	4	50	0	248	50
90	1	130	-250	248	-120
91	2	140	0	248	140
92	2	130	0	248	130
93	2	100	0	248	100
94	2	110	0	248	110
95	3	55	0	248	55
96	3	80	-50	248	30
97	3	40	-25	248	15
98	3	60	-50	248	10
99	3	55	0	248	55
100	3	65	-25	248	40
1	3	50	0	250	50
2	2	100	0	250	100
3	2	80	0	250	80
4	3	60	0	250	60
5	1	100	0	250	100
6	4	50	0	250	50
7	3	40	-50	250	-10
8	4	40	0	250	40
9	1	120	0	250	120
10	1	80	-150	250	-70
11	4	45	0	250	45
12	1	90	0	250	90
13	3	55	0	250	55
14	1	110	-300	250	-190
15	4	45	0	250	45
16	3	55	-50	250	5
17	4	55	0	250	55
18	4	60	0	250	60
19	4	40	0	250	40
20	4	55	0	250	55
21	4	50	0	250	50
22	4	60	-250	250	-190
23	3	45	0	250	45
24	4	55	0	250	55
25	1	100	0	250	100
26	3	50	-50	250	0
27	4	40	0	250	40
28	2	110	0	250	110
29	1	80	-200	250	-120
30	4	60	0	250	60
31	4	40	0	250	40
32	4	45	0	250	45
33	3	45	0	250	45
34	4	55	0	250	55
35	3	60	-50	250	10
36	2	120	0	250	120
37	4	65	0	250	65
38	4	70	0	250	70
39	1	120	0	250	120
40	4	50	0	250	50
41	2	90	0	250	90
42	3	40	-50	250	-10
43	4	70	-275	250	-205
44	1	110	-250	250	-140
45	2	100	0	250	100
46	3	55	0	250	55
47	2	90	0	250	90
48	2	120	0	250	120
49	3	55	-25	250	30
50	2	110	-1250	250	-1140
51	4	60	0	250	60
52	3	65	-75	250	-10
53	4	55	0	250	55
54	4	65	0	250	65
55	4	80	0	250	80
56	4	40	0	250	40
57	4	80	0	250	80
58	1	90	-350	250	-260
59	4	40	0	250	40
60	2	80	0	250	80
61	3	45	0	250	45
62	4	65	0	250	65
63	3	70	-25	250	45
64	2	110	0	250	110
65	4	55	-300	250	-245
66	2	100	0	250	100
67	2	90	0	250	90
68	2	130	-1500	250	-1370
69	3	40	0	250	40
70	4	60	0	250	60
71	2	120	0	250	120
72	4	65	0	250	65
73	1	110	0	250	110
74	1	130	-350	250	-220
75	3	50	-25	250	25
76	2	130	0	250	130
77	4	75	0	250	75
78	2	110	0	250	110
79	4	60	0	250	60
80	2	90	0	250	90
81	4	65	0	250	65
82	2	100	0	250	100
83	2	120	0	250	120
84	2	120	-1750	250	-1630
85	4	75	-325	250	-250
86	2	110	0	250	110
87	3	60	-75	250	-15
88	1	90	0	250	90
89	1	100	-250	250	-150
90	1	120	-200	250	-80
91	2	140	0	250	140
92	4	85	0	250	85
93	3	70	0	250	70
94	2	130	0	250	130
95	2	100	0	250	100
96	4	45	0	250	45
97	4	55	0	250	55
98	4	70	0	250	70
99	2	110	0	250	110
100	4	55	0	250	55
1	3	50	0	252	50
2	1	100	0	252	100
3	2	100	0	252	100
4	3	60	0	252	60
5	2	80	0	252	80
6	3	40	-50	252	-10
7	4	50	0	252	50
8	4	40	0	252	40
9	4	45	0	252	45
10	3	55	0	252	55
11	3	55	-50	252	5
12	3	45	0	252	45
13	3	50	-50	252	0
14	3	45	0	252	45
15	3	60	-50	252	10
16	3	40	-50	252	-10
17	2	110	0	252	110
18	3	55	0	252	55
19	2	120	0	252	120
20	4	45	0	252	45
21	1	120	0	252	120
22	2	90	0	252	90
23	2	100	0	252	100
24	2	90	0	252	90
25	1	80	-150	252	-70
26	3	55	-25	252	30
27	3	65	-75	252	-10
28	3	45	0	252	45
29	4	55	0	252	55
30	1	90	0	252	90
31	1	110	-300	252	-190
32	2	120	0	252	120
33	1	100	0	252	100
34	3	70	-25	252	45
35	3	40	0	252	40
36	3	50	-25	252	25
37	2	110	-1250	252	-1140
38	2	80	0	252	80
39	2	110	0	252	110
40	2	100	0	252	100
41	4	60	0	252	60
42	4	40	0	252	40
43	4	55	0	252	55
44	1	80	-200	252	-120
45	1	120	0	252	120
46	3	60	-75	252	-15
47	4	50	0	252	50
48	4	60	-250	252	-190
49	4	55	0	252	55
50	3	70	0	252	70
51	2	90	0	252	90
52	2	130	-1500	252	-1370
53	3	40	-50	252	-10
54	4	40	0	252	40
55	4	60	0	252	60
56	2	120	0	252	120
57	1	110	-250	252	-140
58	3	60	0	252	60
59	3	65	-25	252	40
60	3	55	0	252	55
61	3	80	-50	252	30
62	4	40	0	252	40
63	4	45	0	252	45
64	2	130	0	252	130
65	2	110	0	252	110
66	3	40	-25	252	15
67	3	60	-50	252	10
68	3	55	0	252	55
69	1	90	-350	252	-260
70	1	110	0	252	110
71	2	90	0	252	90
72	3	65	-25	252	40
73	3	40	-75	252	-35
74	3	80	-50	252	30
75	3	65	-25	252	40
76	3	75	0	252	75
77	4	55	0	252	55
78	2	100	0	252	100
79	3	55	-25	252	30
80	3	60	-25	252	35
81	4	65	0	252	65
82	2	120	0	252	120
83	1	130	-350	252	-220
84	1	90	0	252	90
85	1	100	-250	252	-150
86	2	120	-1750	252	-1630
87	3	70	-25	252	45
88	4	70	0	252	70
89	3	65	0	252	65
90	2	110	0	252	110
91	2	140	0	252	140
92	1	120	-200	252	-80
93	1	110	0	252	110
94	3	55	-75	252	-20
95	3	75	-25	252	50
96	4	50	0	252	50
97	4	70	-275	252	-205
98	2	130	0	252	130
99	2	100	0	252	100
100	3	45	-50	252	-5
1	3	50	0	255	50
2	3	60	0	255	60
3	4	50	0	255	50
4	3	40	-50	255	-10
5	1	100	0	255	100
6	2	100	0	255	100
7	4	40	0	255	40
8	1	120	0	255	120
9	3	55	0	255	55
10	1	80	-150	255	-70
11	2	80	0	255	80
12	4	45	0	255	45
13	3	55	-50	255	5
14	3	45	0	255	45
15	1	90	0	255	90
16	1	110	-300	255	-190
17	1	100	0	255	100
18	2	110	0	255	110
19	4	45	0	255	45
20	4	55	0	255	55
21	2	120	0	255	120
22	2	90	0	255	90
23	1	80	-200	255	-120
24	1	120	0	255	120
25	1	110	-250	255	-140
26	1	90	-350	255	-260
27	2	100	0	255	100
28	4	60	0	255	60
29	3	50	-50	255	0
30	3	45	0	255	45
31	4	40	0	255	40
32	1	110	0	255	110
33	2	90	0	255	90
34	2	120	0	255	120
35	1	130	-350	255	-220
36	2	110	-1250	255	-1140
37	2	80	0	255	80
38	4	55	0	255	55
39	3	60	-50	255	10
40	1	90	0	255	90
41	2	110	0	255	110
42	2	100	0	255	100
43	2	90	0	255	90
44	4	50	0	255	50
45	3	40	-50	255	-10
46	2	130	-1500	255	-1370
47	1	100	-250	255	-150
48	4	60	-250	255	-190
49	4	55	0	255	55
50	3	55	0	255	55
51	3	55	-25	255	30
52	1	120	-200	255	-80
53	2	120	0	255	120
54	2	130	0	255	130
55	2	110	0	255	110
56	2	90	0	255	90
57	2	100	0	255	100
58	1	110	0	255	110
59	1	90	-300	255	-210
60	2	120	0	255	120
61	3	65	-75	255	-10
62	2	120	-1750	255	-1630
63	4	40	0	255	40
64	4	60	0	255	60
65	4	40	0	255	40
66	4	45	0	255	45
67	4	55	0	255	55
68	4	65	0	255	65
69	4	70	0	255	70
70	4	50	0	255	50
71	4	70	-275	255	-205
72	3	45	0	255	45
73	1	130	-150	255	-20
74	1	120	-250	255	-130
75	2	110	0	255	110
76	2	140	0	255	140
77	2	130	0	255	130
78	2	100	0	255	100
79	2	110	0	255	110
80	2	120	0	255	120
81	2	120	0	255	120
82	2	140	0	255	140
83	2	110	0	255	110
84	2	130	0	255	130
85	2	140	-2000	255	-1860
86	1	100	0	255	100
87	4	60	0	255	60
88	4	55	0	255	55
89	2	120	0	255	120
90	1	120	-250	255	-130
91	3	70	-25	255	45
92	4	65	0	255	65
93	4	80	0	255	80
94	4	40	0	255	40
95	4	80	0	255	80
96	4	40	0	255	40
97	4	65	0	255	65
98	4	55	-300	255	-245
99	3	40	0	255	40
100	1	140	-300	255	-160
1	1	100	0	263	100
2	2	100	0	263	100
3	1	120	0	263	120
4	4	50	0	263	50
5	2	80	0	263	80
6	1	80	-150	263	-70
7	3	50	0	263	50
8	2	110	0	263	110
9	2	120	0	263	120
10	2	90	0	263	90
11	2	100	0	263	100
12	2	90	0	263	90
13	1	90	0	263	90
14	1	110	-300	263	-190
15	4	40	0	263	40
16	1	100	0	263	100
17	1	80	-200	263	-120
18	1	120	0	263	120
19	1	110	-250	263	-140
20	1	90	-350	263	-260
21	1	110	0	263	110
22	1	130	-350	263	-220
23	2	120	0	263	120
24	2	110	-1250	263	-1140
25	1	90	0	263	90
26	1	100	-250	263	-150
27	1	120	-200	263	-80
28	2	80	0	263	80
29	3	60	0	263	60
30	4	45	0	263	45
31	1	110	0	263	110
32	2	110	0	263	110
33	3	40	-50	263	-10
34	1	90	-300	263	-210
35	2	100	0	263	100
36	4	45	0	263	45
37	4	55	0	263	55
38	4	60	0	263	60
39	4	40	0	263	40
40	3	55	0	263	55
41	1	130	-150	263	-20
42	1	120	-250	263	-130
43	2	90	0	263	90
44	2	130	-1500	263	-1370
45	2	120	0	263	120
46	2	130	0	263	130
47	1	100	0	263	100
48	1	120	-250	263	-130
49	4	55	0	263	55
50	4	50	0	263	50
51	4	60	-250	263	-190
52	3	55	-50	263	5
53	2	110	0	263	110
54	3	45	0	263	45
55	3	50	-50	263	0
56	1	140	-300	263	-160
57	2	90	0	263	90
58	2	100	0	263	100
59	2	120	0	263	120
60	2	120	-1750	263	-1630
61	2	110	0	263	110
62	2	140	0	263	140
63	2	130	0	263	130
64	2	100	0	263	100
65	2	110	0	263	110
66	2	120	0	263	120
67	2	120	0	263	120
68	2	140	0	263	140
69	2	110	0	263	110
70	2	130	0	263	130
71	3	45	0	263	45
72	3	60	-50	263	10
73	2	140	-2000	263	-1860
74	3	40	-50	263	-10
75	1	110	0	263	110
76	1	110	-350	263	-240
77	2	120	0	263	120
78	3	55	0	263	55
79	4	55	0	263	55
80	2	110	0	263	110
81	4	40	0	263	40
82	3	55	-25	263	30
83	2	130	0	263	130
84	2	150	0	263	150
85	1	100	0	263	100
86	1	120	-200	263	-80
87	3	65	-75	263	-10
88	2	110	0	263	110
89	1	130	-250	263	-120
90	3	45	0	263	45
91	4	60	0	263	60
92	3	70	-25	263	45
93	4	40	0	263	40
94	4	45	0	263	45
95	3	40	0	263	40
96	3	50	-25	263	25
97	4	55	0	263	55
98	4	65	0	263	65
99	4	70	0	263	70
100	4	50	0	263	50
1	3	50	0	265	50
2	2	100	0	265	100
3	3	60	0	265	60
4	2	80	0	265	80
5	1	100	0	265	100
6	4	50	0	265	50
7	1	120	0	265	120
8	2	110	0	265	110
9	3	40	-50	265	-10
10	1	80	-150	265	-70
11	4	40	0	265	40
12	2	120	0	265	120
13	3	55	0	265	55
14	2	90	0	265	90
15	1	90	0	265	90
16	4	45	0	265	45
17	2	100	0	265	100
18	3	55	-50	265	5
19	4	45	0	265	45
20	1	110	-300	265	-190
21	2	90	0	265	90
22	3	45	0	265	45
23	2	120	0	265	120
24	3	50	-50	265	0
25	1	100	0	265	100
26	2	110	-1250	265	-1140
27	4	55	0	265	55
28	3	45	0	265	45
29	2	80	0	265	80
30	1	80	-200	265	-120
31	2	110	0	265	110
32	3	60	-50	265	10
33	4	60	0	265	60
34	1	120	0	265	120
35	1	110	-250	265	-140
36	2	100	0	265	100
37	2	90	0	265	90
38	3	40	-50	265	-10
39	4	40	0	265	40
40	3	55	0	265	55
41	4	55	0	265	55
42	2	130	-1500	265	-1370
43	1	90	-350	265	-260
44	3	55	-25	265	30
45	4	50	0	265	50
46	2	120	0	265	120
47	1	110	0	265	110
48	2	130	0	265	130
49	3	65	-75	265	-10
50	4	60	-250	265	-190
51	2	110	0	265	110
52	1	130	-350	265	-220
53	3	45	0	265	45
54	2	90	0	265	90
55	4	55	0	265	55
56	1	90	0	265	90
57	2	100	0	265	100
58	3	70	-25	265	45
59	4	40	0	265	40
60	2	120	0	265	120
61	1	100	-250	265	-150
62	3	40	0	265	40
63	2	120	-1750	265	-1630
64	4	60	0	265	60
65	3	50	-25	265	25
66	2	110	0	265	110
67	1	120	-200	265	-80
68	2	140	0	265	140
69	3	60	-75	265	-15
70	4	40	0	265	40
71	1	110	0	265	110
72	2	130	0	265	130
73	3	70	0	265	70
74	4	45	0	265	45
75	1	90	-300	265	-210
76	2	100	0	265	100
77	3	40	-50	265	-10
78	4	55	0	265	55
79	2	110	0	265	110
80	1	130	-150	265	-20
81	4	65	0	265	65
82	2	120	0	265	120
83	1	120	-250	265	-130
84	2	120	0	265	120
85	3	60	0	265	60
86	4	70	0	265	70
87	1	100	0	265	100
88	2	140	0	265	140
89	3	65	-25	265	40
90	4	50	0	265	50
91	2	110	0	265	110
92	1	120	-250	265	-130
93	4	70	-275	265	-205
94	3	55	0	265	55
95	2	130	0	265	130
96	1	140	-300	265	-160
97	2	140	-2000	265	-1860
98	3	80	-50	265	30
99	4	60	0	265	60
100	2	120	0	265	120
1	3	50	0	268	50
2	2	100	0	268	100
3	4	50	0	268	50
4	2	80	0	268	80
5	1	100	0	268	100
6	2	110	0	268	110
7	1	120	0	268	120
8	3	60	0	268	60
9	4	40	0	268	40
10	1	80	-150	268	-70
11	4	45	0	268	45
12	3	40	-50	268	-10
13	2	120	0	268	120
14	2	90	0	268	90
15	4	45	0	268	45
16	1	90	0	268	90
17	1	110	-300	268	-190
18	2	100	0	268	100
19	3	55	0	268	55
20	1	100	0	268	100
21	4	55	0	268	55
22	2	90	0	268	90
23	3	55	-50	268	5
24	3	45	0	268	45
25	1	80	-200	268	-120
26	1	120	0	268	120
27	4	60	0	268	60
28	2	120	0	268	120
29	2	110	-1250	268	-1140
30	3	50	-50	268	0
31	3	45	0	268	45
32	3	60	-50	268	10
33	3	40	-50	268	-10
34	1	110	-250	268	-140
35	1	90	-350	268	-260
36	2	80	0	268	80
37	1	110	0	268	110
38	4	40	0	268	40
39	4	55	0	268	55
40	3	55	0	268	55
41	2	110	0	268	110
42	1	130	-350	268	-220
43	4	50	0	268	50
44	4	60	-250	268	-190
45	3	55	-25	268	30
46	1	90	0	268	90
47	2	100	0	268	100
48	3	65	-75	268	-10
49	4	55	0	268	55
50	1	100	-250	268	-150
51	2	90	0	268	90
52	3	45	0	268	45
53	4	40	0	268	40
54	1	120	-200	268	-80
55	2	130	-1500	268	-1370
56	3	70	-25	268	45
57	4	60	0	268	60
58	1	110	0	268	110
59	2	120	0	268	120
60	3	40	0	268	40
61	4	40	0	268	40
62	1	90	-300	268	-210
63	2	130	0	268	130
64	3	50	-25	268	25
65	4	45	0	268	45
66	1	130	-150	268	-20
67	2	110	0	268	110
68	3	60	-75	268	-15
69	4	55	0	268	55
70	1	120	-250	268	-130
71	2	90	0	268	90
72	3	70	0	268	70
73	4	65	0	268	65
74	1	100	0	268	100
75	2	100	0	268	100
76	3	40	-50	268	-10
77	4	70	0	268	70
78	1	120	-250	268	-130
79	2	120	0	268	120
80	3	60	0	268	60
81	4	50	0	268	50
82	1	140	-300	268	-160
83	2	120	-1750	268	-1630
84	3	65	-25	268	40
85	4	70	-275	268	-205
86	1	110	0	268	110
87	2	110	0	268	110
88	3	55	0	268	55
89	4	60	0	268	60
90	1	110	-350	268	-240
91	2	140	0	268	140
92	3	80	-50	268	30
93	4	55	0	268	55
94	1	100	0	268	100
95	2	130	0	268	130
96	3	40	-25	268	15
97	4	65	0	268	65
98	1	120	-200	268	-80
99	2	100	0	268	100
100	3	60	-50	268	10
1	2	100	0	270	100
2	1	100	0	270	100
3	4	50	0	270	50
4	3	50	0	270	50
5	1	120	0	270	120
6	2	80	0	270	80
7	2	110	0	270	110
8	1	80	-150	270	-70
9	4	40	0	270	40
10	3	60	0	270	60
11	2	120	0	270	120
12	3	40	-50	270	-10
13	4	45	0	270	45
14	1	90	0	270	90
15	2	90	0	270	90
16	4	45	0	270	45
17	1	110	-300	270	-190
18	2	100	0	270	100
19	4	55	0	270	55
20	2	90	0	270	90
21	4	60	0	270	60
22	2	120	0	270	120
23	4	40	0	270	40
24	2	110	-1250	270	-1140
25	3	55	0	270	55
26	4	55	0	270	55
27	2	80	0	270	80
28	1	100	0	270	100
29	4	50	0	270	50
30	3	55	-50	270	5
31	2	110	0	270	110
32	4	60	-250	270	-190
33	3	45	0	270	45
34	1	80	-200	270	-120
35	2	100	0	270	100
36	2	90	0	270	90
37	2	130	-1500	270	-1370
38	4	55	0	270	55
39	3	50	-50	270	0
40	1	120	0	270	120
41	4	40	0	270	40
42	4	60	0	270	60
43	2	120	0	270	120
44	3	45	0	270	45
45	1	110	-250	270	-140
46	3	60	-50	270	10
47	4	40	0	270	40
48	2	130	0	270	130
49	2	110	0	270	110
50	3	40	-50	270	-10
51	2	90	0	270	90
52	4	45	0	270	45
53	1	90	-350	270	-260
54	2	100	0	270	100
55	4	55	0	270	55
56	2	120	0	270	120
57	3	55	0	270	55
58	1	110	0	270	110
59	4	65	0	270	65
60	2	120	-1750	270	-1630
61	4	70	0	270	70
62	3	55	-25	270	30
63	1	130	-350	270	-220
64	2	110	0	270	110
65	4	50	0	270	50
66	2	140	0	270	140
67	4	70	-275	270	-205
68	1	90	0	270	90
69	2	130	0	270	130
70	3	65	-75	270	-10
71	1	100	-250	270	-150
72	4	60	0	270	60
73	2	100	0	270	100
74	4	55	0	270	55
75	1	120	-200	270	-80
76	2	110	0	270	110
77	4	65	0	270	65
78	2	120	0	270	120
79	4	80	0	270	80
80	4	40	0	270	40
81	2	120	0	270	120
82	4	80	0	270	80
83	2	140	0	270	140
84	4	40	0	270	40
85	4	65	0	270	65
86	2	110	0	270	110
87	4	55	-300	270	-245
88	4	60	0	270	60
89	4	65	0	270	65
90	2	130	0	270	130
91	4	75	0	270	75
92	2	140	-2000	270	-1860
93	2	120	0	270	120
94	4	60	0	270	60
95	3	45	0	270	45
96	1	110	0	270	110
97	2	110	0	270	110
98	4	65	0	270	65
99	2	130	0	270	130
100	3	70	-25	270	45
1	2	100	0	275	100
2	3	50	0	275	50
3	3	60	0	275	60
4	2	80	0	275	80
5	3	40	-50	275	-10
6	4	50	0	275	50
7	3	55	0	275	55
8	3	55	-50	275	5
9	3	45	0	275	45
10	3	50	-50	275	0
11	1	100	0	275	100
12	1	120	0	275	120
13	1	80	-150	275	-70
14	3	45	0	275	45
15	4	40	0	275	40
16	1	90	0	275	90
17	3	60	-50	275	10
18	4	45	0	275	45
19	1	110	-300	275	-190
20	1	100	0	275	100
21	1	80	-200	275	-120
22	4	45	0	275	45
23	3	40	-50	275	-10
24	2	110	0	275	110
25	1	120	0	275	120
26	2	120	0	275	120
27	1	110	-250	275	-140
28	2	90	0	275	90
29	1	90	-350	275	-260
30	3	55	0	275	55
31	4	55	0	275	55
32	1	110	0	275	110
33	3	55	-25	275	30
34	2	100	0	275	100
35	1	130	-350	275	-220
36	4	60	0	275	60
37	3	65	-75	275	-10
38	1	90	0	275	90
39	1	100	-250	275	-150
40	2	90	0	275	90
41	1	120	-200	275	-80
42	2	120	0	275	120
43	3	45	0	275	45
44	4	40	0	275	40
45	3	70	-25	275	45
46	2	110	-1250	275	-1140
47	2	80	0	275	80
48	1	110	0	275	110
49	2	110	0	275	110
50	3	40	0	275	40
51	1	90	-300	275	-210
52	3	50	-25	275	25
53	2	100	0	275	100
54	2	90	0	275	90
55	2	130	-1500	275	-1370
56	4	55	0	275	55
57	2	120	0	275	120
58	4	50	0	275	50
59	1	130	-150	275	-20
60	4	60	-250	275	-190
61	2	130	0	275	130
62	3	60	-75	275	-15
63	1	120	-250	275	-130
64	2	110	0	275	110
65	3	70	0	275	70
66	3	40	-50	275	-10
67	3	60	0	275	60
68	3	65	-25	275	40
69	3	55	0	275	55
70	3	80	-50	275	30
71	3	40	-25	275	15
72	3	60	-50	275	10
73	3	55	0	275	55
74	3	65	-25	275	40
75	4	55	0	275	55
76	4	40	0	275	40
77	4	60	0	275	60
78	4	40	0	275	40
79	4	45	0	275	45
80	4	55	0	275	55
81	4	65	0	275	65
82	4	70	0	275	70
83	4	50	0	275	50
84	4	70	-275	275	-205
85	4	60	0	275	60
86	4	55	0	275	55
87	4	65	0	275	65
88	4	80	0	275	80
89	4	40	0	275	40
90	4	80	0	275	80
91	4	40	0	275	40
92	4	65	0	275	65
93	4	55	-300	275	-245
94	4	60	0	275	60
95	4	65	0	275	65
96	4	75	0	275	75
97	4	60	0	275	60
98	4	65	0	275	65
99	3	40	-75	275	-35
100	4	75	-325	275	-250
1	2	100	0	278	100
2	3	50	0	278	50
3	4	50	0	278	50
4	2	80	0	278	80
5	4	40	0	278	40
6	2	110	0	278	110
7	4	45	0	278	45
8	3	60	0	278	60
9	2	120	0	278	120
10	4	45	0	278	45
11	3	40	-50	278	-10
12	2	90	0	278	90
13	4	55	0	278	55
14	2	100	0	278	100
15	3	55	0	278	55
16	2	90	0	278	90
17	4	60	0	278	60
18	2	120	0	278	120
19	4	40	0	278	40
20	3	55	-50	278	5
21	2	110	-1250	278	-1140
22	2	80	0	278	80
23	4	55	0	278	55
24	1	100	0	278	100
25	1	120	0	278	120
26	1	80	-150	278	-70
27	3	45	0	278	45
28	3	50	-50	278	0
29	2	110	0	278	110
30	4	50	0	278	50
31	2	100	0	278	100
32	1	90	0	278	90
33	4	60	-250	278	-190
34	2	90	0	278	90
35	1	110	-300	278	-190
36	1	100	0	278	100
37	4	55	0	278	55
38	2	130	-1500	278	-1370
39	2	120	0	278	120
40	4	40	0	278	40
41	2	130	0	278	130
42	4	60	0	278	60
43	1	80	-200	278	-120
44	1	120	0	278	120
45	1	110	-250	278	-140
46	2	110	0	278	110
47	2	90	0	278	90
48	2	100	0	278	100
49	4	40	0	278	40
50	1	90	-350	278	-260
51	2	120	0	278	120
52	2	120	-1750	278	-1630
53	2	110	0	278	110
54	4	45	0	278	45
55	1	110	0	278	110
56	3	45	0	278	45
57	2	140	0	278	140
58	4	55	0	278	55
59	1	130	-350	278	-220
60	2	130	0	278	130
61	4	65	0	278	65
62	2	100	0	278	100
63	4	70	0	278	70
64	2	110	0	278	110
65	4	50	0	278	50
66	2	120	0	278	120
67	4	70	-275	278	-205
68	2	120	0	278	120
69	4	60	0	278	60
70	3	60	-50	278	10
71	2	140	0	278	140
72	4	55	0	278	55
73	2	110	0	278	110
74	4	65	0	278	65
75	2	130	0	278	130
76	4	80	0	278	80
77	2	140	-2000	278	-1860
78	2	120	0	278	120
79	3	40	-50	278	-10
80	4	40	0	278	40
81	2	110	0	278	110
82	4	80	0	278	80
83	2	130	0	278	130
84	4	40	0	278	40
85	2	150	0	278	150
86	4	65	0	278	65
87	2	110	0	278	110
88	4	55	-300	278	-245
89	2	150	0	278	150
90	2	120	0	278	120
91	2	140	0	278	140
92	2	140	0	278	140
93	2	150	0	278	150
94	2	130	0	278	130
95	2	120	0	278	120
96	2	140	0	278	140
97	2	160	-2250	278	-2090
98	2	120	0	278	120
99	2	160	0	278	160
100	4	60	0	278	60
1	1	100	0	282	100
2	1	120	0	282	120
3	1	80	-150	282	-70
4	1	90	0	282	90
5	1	110	-300	282	-190
6	2	100	0	282	100
7	2	80	0	282	80
8	2	110	0	282	110
9	2	120	0	282	120
10	2	90	0	282	90
11	3	50	0	282	50
12	3	60	0	282	60
13	3	40	-50	282	-10
14	3	55	0	282	55
15	3	55	-50	282	5
16	4	50	0	282	50
17	4	40	0	282	40
18	4	45	0	282	45
19	4	45	0	282	45
20	4	55	0	282	55
21	4	60	0	282	60
22	4	40	0	282	40
23	4	55	0	282	55
24	4	50	0	282	50
25	4	60	-250	282	-190
26	2	100	0	282	100
27	2	90	0	282	90
28	2	120	0	282	120
29	2	110	-1250	282	-1140
30	4	55	0	282	55
31	4	40	0	282	40
32	1	100	0	282	100
33	2	80	0	282	80
34	1	80	-200	282	-120
35	3	45	0	282	45
36	1	120	0	282	120
37	2	110	0	282	110
38	4	60	0	282	60
39	1	110	-250	282	-140
40	1	90	-350	282	-260
41	2	100	0	282	100
42	4	40	0	282	40
43	4	45	0	282	45
44	4	55	0	282	55
45	4	65	0	282	65
46	4	70	0	282	70
47	4	50	0	282	50
48	4	70	-275	282	-205
49	4	60	0	282	60
50	4	55	0	282	55
51	4	65	0	282	65
52	4	80	0	282	80
53	4	40	0	282	40
54	4	80	0	282	80
55	4	40	0	282	40
56	4	65	0	282	65
57	4	55	-300	282	-245
58	4	60	0	282	60
59	4	65	0	282	65
60	4	75	0	282	75
61	2	90	0	282	90
62	2	130	-1500	282	-1370
63	4	60	0	282	60
64	4	65	0	282	65
65	4	75	-325	282	-250
66	4	85	0	282	85
67	4	45	0	282	45
68	4	55	0	282	55
69	4	70	0	282	70
70	4	55	0	282	55
71	3	50	-50	282	0
72	3	45	0	282	45
73	3	60	-50	282	10
74	3	40	-50	282	-10
75	3	55	0	282	55
76	3	55	-25	282	30
77	3	65	-75	282	-10
78	3	45	0	282	45
79	3	70	-25	282	45
80	3	40	0	282	40
81	3	50	-25	282	25
82	3	60	-75	282	-15
83	3	70	0	282	70
84	3	40	-50	282	-10
85	3	60	0	282	60
86	3	65	-25	282	40
87	3	55	0	282	55
88	3	80	-50	282	30
89	3	40	-25	282	15
90	3	60	-50	282	10
91	3	55	0	282	55
92	3	65	-25	282	40
93	3	40	-75	282	-35
94	3	80	-50	282	30
95	3	65	-25	282	40
96	3	75	0	282	75
97	3	55	-25	282	30
98	1	110	0	282	110
99	3	60	-25	282	35
100	3	70	-25	282	45
1	1	100	0	293	100
2	2	100	0	293	100
3	3	50	0	293	50
4	4	50	0	293	50
5	1	120	0	293	120
6	2	80	0	293	80
7	3	60	0	293	60
8	4	40	0	293	40
9	1	80	-150	293	-70
10	2	110	0	293	110
11	3	40	-50	293	-10
12	4	45	0	293	45
13	2	120	0	293	120
14	4	45	0	293	45
15	2	90	0	293	90
16	4	55	0	293	55
17	2	100	0	293	100
18	4	60	0	293	60
19	2	90	0	293	90
20	4	40	0	293	40
21	2	120	0	293	120
22	4	55	0	293	55
23	2	110	-1250	293	-1140
24	4	50	0	293	50
25	4	60	-250	293	-190
26	1	90	0	293	90
27	1	110	-300	293	-190
28	2	80	0	293	80
29	2	110	0	293	110
30	2	100	0	293	100
31	2	90	0	293	90
32	2	130	-1500	293	-1370
33	1	100	0	293	100
34	1	80	-200	293	-120
35	4	55	0	293	55
36	4	40	0	293	40
37	4	60	0	293	60
38	4	40	0	293	40
39	4	45	0	293	45
40	4	55	0	293	55
41	4	65	0	293	65
42	4	70	0	293	70
43	4	50	0	293	50
44	4	70	-275	293	-205
45	1	120	0	293	120
46	1	110	-250	293	-140
47	1	90	-350	293	-260
48	1	110	0	293	110
49	1	130	-350	293	-220
50	4	60	0	293	60
51	4	55	0	293	55
52	4	65	0	293	65
53	4	80	0	293	80
54	4	40	0	293	40
55	4	80	0	293	80
56	1	90	0	293	90
57	4	40	0	293	40
58	1	100	-250	293	-150
59	4	65	0	293	65
60	4	55	-300	293	-245
61	4	60	0	293	60
62	4	65	0	293	65
63	4	75	0	293	75
64	4	60	0	293	60
65	4	65	0	293	65
66	4	75	-325	293	-250
67	3	55	0	293	55
68	3	55	-50	293	5
69	3	45	0	293	45
70	3	50	-50	293	0
71	3	45	0	293	45
72	2	120	0	293	120
73	2	130	0	293	130
74	2	110	0	293	110
75	2	90	0	293	90
76	2	100	0	293	100
77	2	120	0	293	120
78	2	120	-1750	293	-1630
79	2	110	0	293	110
80	2	140	0	293	140
81	2	130	0	293	130
82	2	100	0	293	100
83	2	110	0	293	110
84	2	120	0	293	120
85	2	120	0	293	120
86	2	140	0	293	140
87	3	60	-50	293	10
88	2	110	0	293	110
89	2	130	0	293	130
90	2	140	-2000	293	-1860
91	4	85	0	293	85
92	4	45	0	293	45
93	4	55	0	293	55
94	4	70	0	293	70
95	1	120	-200	293	-80
96	1	110	0	293	110
97	1	90	-300	293	-210
98	4	55	0	293	55
99	3	40	-50	293	-10
100	2	120	0	293	120
1	1	100	0	335	100
2	1	120	0	335	120
3	1	80	-150	335	-70
4	1	90	0	335	90
5	3	50	0	335	50
6	3	60	0	335	60
7	1	110	-300	335	-190
8	1	100	0	335	100
9	3	40	-50	335	-10
10	3	55	0	335	55
11	1	80	-200	335	-120
12	1	120	0	335	120
13	1	110	-250	335	-140
14	3	55	-50	335	5
15	1	90	-350	335	-260
16	2	100	0	335	100
17	1	110	0	335	110
18	2	80	0	335	80
19	3	45	0	335	45
20	1	130	-350	335	-220
21	2	110	0	335	110
22	2	120	0	335	120
23	2	90	0	335	90
24	3	50	-50	335	0
25	4	50	0	335	50
26	2	100	0	335	100
27	4	40	0	335	40
28	2	90	0	335	90
29	2	120	0	335	120
30	2	110	-1250	335	-1140
31	4	45	0	335	45
32	4	45	0	335	45
33	4	55	0	335	55
34	4	60	0	335	60
35	2	80	0	335	80
36	2	110	0	335	110
37	2	100	0	335	100
38	1	90	0	335	90
39	3	45	0	335	45
40	2	90	0	335	90
41	3	60	-50	335	10
42	2	130	-1500	335	-1370
43	1	100	-250	335	-150
44	1	120	-200	335	-80
45	1	110	0	335	110
46	1	90	-300	335	-210
47	4	40	0	335	40
48	3	40	-50	335	-10
49	4	55	0	335	55
50	4	50	0	335	50
51	2	120	0	335	120
52	2	130	0	335	130
53	4	60	-250	335	-190
54	2	110	0	335	110
55	3	55	0	335	55
56	4	55	0	335	55
57	3	55	-25	335	30
58	2	90	0	335	90
59	2	100	0	335	100
60	2	120	0	335	120
61	4	40	0	335	40
62	2	120	-1750	335	-1630
63	2	110	0	335	110
64	2	140	0	335	140
65	2	130	0	335	130
66	2	100	0	335	100
67	4	60	0	335	60
68	4	40	0	335	40
69	4	45	0	335	45
70	2	110	0	335	110
71	2	120	0	335	120
72	2	120	0	335	120
73	2	140	0	335	140
74	2	110	0	335	110
75	2	130	0	335	130
76	4	55	0	335	55
77	2	140	-2000	335	-1860
78	2	120	0	335	120
79	2	110	0	335	110
80	2	130	0	335	130
81	4	65	0	335	65
82	4	70	0	335	70
83	2	150	0	335	150
84	2	110	0	335	110
85	4	50	0	335	50
86	2	150	0	335	150
87	2	120	0	335	120
88	4	70	-275	335	-205
89	2	140	0	335	140
90	2	140	0	335	140
91	2	150	0	335	150
92	2	130	0	335	130
93	4	60	0	335	60
94	4	55	0	335	55
95	2	120	0	335	120
96	2	140	0	335	140
97	2	160	-2250	335	-2090
98	4	65	0	335	65
99	4	80	0	335	80
100	4	40	0	335	40
