trial	deck	gain	loss	subjID	net
1	3	50	0	103	50
2	3	60	0	103	60
3	3	40	-50	103	-10
4	4	50	0	103	50
5	3	55	0	103	55
6	1	100	0	103	100
7	1	120	0	103	120
8	2	100	0	103	100
9	4	40	0	103	40
10	1	80	-150	103	-70
11	2	80	0	103	80
12	2	110	0	103	110
13	3	55	-50	103	5
14	1	90	0	103	90
15	2	120	0	103	120
16	3	45	0	103	45
17	2	90	0	103	90
18	1	110	-300	103	-190
19	2	100	0	103	100
20	1	100	0	103	100
21	1	80	-200	103	-120
22	1	120	0	103	120
23	1	110	-250	103	-140
24	1	90	-350	103	-260
25	2	90	0	103	90
26	1	110	0	103	110
27	1	130	-350	103	-220
28	1	90	0	103	90
29	1	100	-250	103	-150
30	4	45	0	103	45
31	3	50	-50	103	0
32	3	45	0	103	45
33	2	120	0	103	120
34	2	110	-1250	103	-1140
35	1	120	-200	103	-80
36	2	80	0	103	80
37	2	110	0	103	110
38	4	45	0	103	45
39	2	100	0	103	100
40	3	60	-50	103	10
41	2	90	0	103	90
42	3	40	-50	103	-10
43	2	130	-1500	103	-1370
44	1	110	0	103	110
45	1	90	-300	103	-210
46	2	120	0	103	120
47	2	130	0	103	130
48	2	110	0	103	110
49	3	55	0	103	55
50	2	90	0	103	90
51	2	100	0	103	100
52	1	130	-150	103	-20
53	1	120	-250	103	-130
54	2	120	0	103	120
55	4	55	0	103	55
56	4	60	0	103	60
57	4	40	0	103	40
58	4	55	0	103	55
59	3	55	-25	103	30
60	4	50	0	103	50
61	4	60	-250	103	-190
62	4	55	0	103	55
63	4	40	0	103	40
64	4	60	0	103	60
65	4	40	0	103	40
66	4	45	0	103	45
67	4	55	0	103	55
68	4	65	0	103	65
69	4	70	0	103	70
70	4	50	0	103	50
71	4	70	-275	103	-205
72	4	60	0	103	60
73	4	55	0	103	55
74	2	120	-1750	103	-1630
75	4	65	0	103	65
76	4	80	0	103	80
77	4	40	0	103	40
78	4	80	0	103	80
79	1	100	0	103	100
80	2	110	0	103	110
81	1	120	-250	103	-130
82	3	65	-75	103	-10
83	4	40	0	103	40
84	4	65	0	103	65
85	4	55	-300	103	-245
86	4	60	0	103	60
87	4	65	0	103	65
88	4	75	0	103	75
89	4	60	0	103	60
90	4	65	0	103	65
91	4	75	-325	103	-250
92	4	85	0	103	85
93	4	45	0	103	45
94	4	55	0	103	55
95	4	70	0	103	70
96	4	55	0	103	55
97	4	70	0	103	70
98	4	80	0	103	80
99	4	65	0	103	65
100	4	70	0	103	70
1	1	100	0	104	100
2	2	100	0	104	100
3	3	50	0	104	50
4	4	50	0	104	50
5	2	80	0	104	80
6	3	60	0	104	60
7	1	120	0	104	120
8	1	80	-150	104	-70
9	3	40	-50	104	-10
10	2	110	0	104	110
11	2	120	0	104	120
12	1	90	0	104	90
13	4	40	0	104	40
14	2	90	0	104	90
15	1	110	-300	104	-190
16	1	100	0	104	100
17	2	100	0	104	100
18	4	45	0	104	45
19	3	55	0	104	55
20	2	90	0	104	90
21	2	120	0	104	120
22	2	110	-1250	104	-1140
23	2	80	0	104	80
24	2	110	0	104	110
25	2	100	0	104	100
26	2	90	0	104	90
27	1	80	-200	104	-120
28	1	120	0	104	120
29	1	110	-250	104	-140
30	2	130	-1500	104	-1370
31	4	45	0	104	45
32	4	55	0	104	55
33	4	60	0	104	60
34	1	90	-350	104	-260
35	2	120	0	104	120
36	3	55	-50	104	5
37	1	110	0	104	110
38	2	130	0	104	130
39	4	40	0	104	40
40	1	130	-350	104	-220
41	4	55	0	104	55
42	4	50	0	104	50
43	4	60	-250	104	-190
44	1	90	0	104	90
45	1	100	-250	104	-150
46	1	120	-200	104	-80
47	4	55	0	104	55
48	1	110	0	104	110
49	2	110	0	104	110
50	4	40	0	104	40
51	1	90	-300	104	-210
52	2	90	0	104	90
53	3	45	0	104	45
54	4	60	0	104	60
55	2	100	0	104	100
56	3	50	-50	104	0
57	1	130	-150	104	-20
58	1	120	-250	104	-130
59	1	100	0	104	100
60	2	120	0	104	120
61	3	45	0	104	45
62	4	40	0	104	40
63	3	60	-50	104	10
64	2	120	-1750	104	-1630
65	1	120	-250	104	-130
66	4	45	0	104	45
67	1	140	-300	104	-160
68	1	110	0	104	110
69	4	55	0	104	55
70	3	40	-50	104	-10
71	1	110	-350	104	-240
72	1	100	0	104	100
73	4	65	0	104	65
74	3	55	0	104	55
75	2	110	0	104	110
76	1	120	-200	104	-80
77	4	70	0	104	70
78	3	55	-25	104	30
79	1	130	-250	104	-120
80	4	50	0	104	50
81	1	110	-150	104	-40
82	2	140	0	104	140
83	4	70	-275	104	-205
84	1	140	-250	104	-110
85	4	60	0	104	60
86	3	65	-75	104	-10
87	1	120	0	104	120
88	1	130	-350	104	-220
89	2	130	0	104	130
90	2	100	0	104	100
91	2	110	0	104	110
92	4	55	0	104	55
93	4	65	0	104	65
94	2	120	0	104	120
95	4	80	0	104	80
96	2	120	0	104	120
97	4	40	0	104	40
98	2	140	0	104	140
99	4	80	0	104	80
100	2	110	0	104	110
1	1	100	0	115	100
2	3	50	0	115	50
3	3	60	0	115	60
4	4	50	0	115	50
5	3	40	-50	115	-10
6	4	40	0	115	40
7	2	100	0	115	100
8	4	45	0	115	45
9	2	80	0	115	80
10	1	120	0	115	120
11	4	45	0	115	45
12	3	55	0	115	55
13	4	55	0	115	55
14	1	80	-150	115	-70
15	2	110	0	115	110
16	1	90	0	115	90
17	4	60	0	115	60
18	4	40	0	115	40
19	4	55	0	115	55
20	1	110	-300	115	-190
21	2	120	0	115	120
22	4	50	0	115	50
23	4	60	-250	115	-190
24	3	55	-50	115	5
25	4	55	0	115	55
26	4	40	0	115	40
27	2	90	0	115	90
28	1	100	0	115	100
29	2	100	0	115	100
30	1	80	-200	115	-120
31	4	60	0	115	60
32	1	120	0	115	120
33	3	45	0	115	45
34	4	40	0	115	40
35	1	110	-250	115	-140
36	2	90	0	115	90
37	2	120	0	115	120
38	4	45	0	115	45
39	3	50	-50	115	0
40	1	90	-350	115	-260
41	3	45	0	115	45
42	2	110	-1250	115	-1140
43	4	55	0	115	55
44	4	65	0	115	65
45	1	110	0	115	110
46	3	60	-50	115	10
47	4	70	0	115	70
48	1	130	-350	115	-220
49	2	80	0	115	80
50	4	50	0	115	50
51	1	90	0	115	90
52	3	40	-50	115	-10
53	1	100	-250	115	-150
54	4	70	-275	115	-205
55	4	60	0	115	60
56	1	120	-200	115	-80
57	3	55	0	115	55
58	3	55	-25	115	30
59	3	65	-75	115	-10
60	3	45	0	115	45
61	3	70	-25	115	45
62	3	40	0	115	40
63	3	50	-25	115	25
64	1	110	0	115	110
65	3	60	-75	115	-15
66	3	70	0	115	70
67	3	40	-50	115	-10
68	1	90	-300	115	-210
69	3	60	0	115	60
70	3	65	-25	115	40
71	3	55	0	115	55
72	3	80	-50	115	30
73	1	130	-150	115	-20
74	4	55	0	115	55
75	3	40	-25	115	15
76	1	120	-250	115	-130
77	2	110	0	115	110
78	1	100	0	115	100
79	2	100	0	115	100
80	3	60	-50	115	10
81	3	55	0	115	55
82	2	90	0	115	90
83	3	65	-25	115	40
84	1	120	-250	115	-130
85	4	65	0	115	65
86	3	40	-75	115	-35
87	4	80	0	115	80
88	4	40	0	115	40
89	4	80	0	115	80
90	4	40	0	115	40
91	1	140	-300	115	-160
92	4	65	0	115	65
93	4	55	-300	115	-245
94	4	60	0	115	60
95	3	80	-50	115	30
96	1	110	0	115	110
97	3	65	-25	115	40
98	4	65	0	115	65
99	4	75	0	115	75
100	3	75	0	115	75
1	3	50	0	116	50
2	2	100	0	116	100
3	1	100	0	116	100
4	4	50	0	116	50
5	4	40	0	116	40
6	3	60	0	116	60
7	2	80	0	116	80
8	1	120	0	116	120
9	1	80	-150	116	-70
10	2	110	0	116	110
11	3	40	-50	116	-10
12	2	120	0	116	120
13	2	90	0	116	90
14	2	100	0	116	100
15	2	90	0	116	90
16	2	120	0	116	120
17	2	110	-1250	116	-1140
18	4	45	0	116	45
19	4	45	0	116	45
20	4	55	0	116	55
21	4	60	0	116	60
22	4	40	0	116	40
23	4	55	0	116	55
24	4	50	0	116	50
25	4	60	-250	116	-190
26	2	80	0	116	80
27	2	110	0	116	110
28	1	90	0	116	90
29	4	55	0	116	55
30	1	110	-300	116	-190
31	2	100	0	116	100
32	2	90	0	116	90
33	2	130	-1500	116	-1370
34	3	55	0	116	55
35	3	55	-50	116	5
36	4	40	0	116	40
37	4	60	0	116	60
38	4	40	0	116	40
39	1	100	0	116	100
40	2	120	0	116	120
41	2	130	0	116	130
42	3	45	0	116	45
43	3	50	-50	116	0
44	3	45	0	116	45
45	2	110	0	116	110
46	2	90	0	116	90
47	4	45	0	116	45
48	1	80	-200	116	-120
49	2	100	0	116	100
50	2	120	0	116	120
51	2	120	-1750	116	-1630
52	2	110	0	116	110
53	3	60	-50	116	10
54	4	55	0	116	55
55	3	40	-50	116	-10
56	4	65	0	116	65
57	4	70	0	116	70
58	3	55	0	116	55
59	3	55	-25	116	30
60	2	140	0	116	140
61	1	120	0	116	120
62	4	50	0	116	50
63	4	70	-275	116	-205
64	3	65	-75	116	-10
65	1	110	-250	116	-140
66	2	130	0	116	130
67	2	100	0	116	100
68	1	90	-350	116	-260
69	4	60	0	116	60
70	1	110	0	116	110
71	3	45	0	116	45
72	3	70	-25	116	45
73	1	130	-350	116	-220
74	3	40	0	116	40
75	1	90	0	116	90
76	1	100	-250	116	-150
77	1	120	-200	116	-80
78	1	110	0	116	110
79	2	110	0	116	110
80	3	50	-25	116	25
81	3	60	-75	116	-15
82	1	90	-300	116	-210
83	3	70	0	116	70
84	1	130	-150	116	-20
85	2	120	0	116	120
86	2	120	0	116	120
87	3	40	-50	116	-10
88	4	55	0	116	55
89	3	60	0	116	60
90	3	65	-25	116	40
91	3	55	0	116	55
92	3	80	-50	116	30
93	1	120	-250	116	-130
94	1	100	0	116	100
95	2	140	0	116	140
96	3	40	-25	116	15
97	3	60	-50	116	10
98	4	65	0	116	65
99	2	110	0	116	110
100	2	130	0	116	130
1	2	100	0	117	100
2	2	80	0	117	80
3	2	110	0	117	110
4	2	120	0	117	120
5	2	90	0	117	90
6	2	100	0	117	100
7	2	90	0	117	90
8	2	120	0	117	120
9	2	110	-1250	117	-1140
10	3	50	0	117	50
11	2	80	0	117	80
12	4	50	0	117	50
13	1	100	0	117	100
14	1	120	0	117	120
15	1	80	-150	117	-70
16	1	90	0	117	90
17	1	110	-300	117	-190
18	2	110	0	117	110
19	3	60	0	117	60
20	3	40	-50	117	-10
21	4	40	0	117	40
22	3	55	0	117	55
23	4	45	0	117	45
24	4	45	0	117	45
25	4	55	0	117	55
26	3	55	-50	117	5
27	4	60	0	117	60
28	3	45	0	117	45
29	3	50	-50	117	0
30	4	40	0	117	40
31	2	100	0	117	100
32	3	45	0	117	45
33	2	90	0	117	90
34	3	60	-50	117	10
35	1	100	0	117	100
36	2	130	-1500	117	-1370
37	1	80	-200	117	-120
38	2	120	0	117	120
39	3	40	-50	117	-10
40	2	130	0	117	130
41	4	55	0	117	55
42	3	55	0	117	55
43	4	50	0	117	50
44	4	60	-250	117	-190
45	3	55	-25	117	30
46	4	55	0	117	55
47	3	65	-75	117	-10
48	4	40	0	117	40
49	2	110	0	117	110
50	3	45	0	117	45
51	2	90	0	117	90
52	4	60	0	117	60
53	3	70	-25	117	45
54	4	40	0	117	40
55	2	100	0	117	100
56	3	40	0	117	40
57	4	45	0	117	45
58	3	50	-25	117	25
59	4	55	0	117	55
60	1	120	0	117	120
61	3	60	-75	117	-15
62	2	120	0	117	120
63	1	110	-250	117	-140
64	2	120	-1750	117	-1630
65	2	110	0	117	110
66	1	90	-350	117	-260
67	2	140	0	117	140
68	2	130	0	117	130
69	2	100	0	117	100
70	2	110	0	117	110
71	3	70	0	117	70
72	4	65	0	117	65
73	3	40	-50	117	-10
74	4	70	0	117	70
75	4	50	0	117	50
76	3	60	0	117	60
77	4	70	-275	117	-205
78	3	65	-25	117	40
79	4	60	0	117	60
80	3	55	0	117	55
81	4	55	0	117	55
82	3	80	-50	117	30
83	4	65	0	117	65
84	3	40	-25	117	15
85	2	120	0	117	120
86	2	120	0	117	120
87	2	140	0	117	140
88	3	60	-50	117	10
89	3	55	0	117	55
90	4	80	0	117	80
91	4	40	0	117	40
92	3	65	-25	117	40
93	3	40	-75	117	-35
94	3	80	-50	117	30
95	3	65	-25	117	40
96	3	75	0	117	75
97	3	55	-25	117	30
98	3	60	-25	117	35
99	3	70	-25	117	45
100	3	65	0	117	65
1	4	50	0	121	50
2	3	50	0	121	50
3	1	100	0	121	100
4	2	100	0	121	100
5	1	120	0	121	120
6	4	40	0	121	40
7	3	60	0	121	60
8	4	45	0	121	45
9	1	80	-150	121	-70
10	2	80	0	121	80
11	1	90	0	121	90
12	3	40	-50	121	-10
13	4	45	0	121	45
14	1	110	-300	121	-190
15	1	100	0	121	100
16	2	110	0	121	110
17	4	55	0	121	55
18	1	80	-200	121	-120
19	3	55	0	121	55
20	4	60	0	121	60
21	1	120	0	121	120
22	1	110	-250	121	-140
23	3	55	-50	121	5
24	4	40	0	121	40
25	1	90	-350	121	-260
26	1	110	0	121	110
27	1	130	-350	121	-220
28	3	45	0	121	45
29	1	90	0	121	90
30	4	55	0	121	55
31	2	120	0	121	120
32	3	50	-50	121	0
33	1	100	-250	121	-150
34	4	50	0	121	50
35	2	90	0	121	90
36	3	45	0	121	45
37	4	60	-250	121	-190
38	1	120	-200	121	-80
39	3	60	-50	121	10
40	4	55	0	121	55
41	2	100	0	121	100
42	1	110	0	121	110
43	2	90	0	121	90
44	3	40	-50	121	-10
45	4	40	0	121	40
46	2	120	0	121	120
47	3	55	0	121	55
48	1	90	-300	121	-210
49	4	60	0	121	60
50	4	40	0	121	40
51	1	130	-150	121	-20
52	1	120	-250	121	-130
53	1	100	0	121	100
54	1	120	-250	121	-130
55	1	140	-300	121	-160
56	1	110	0	121	110
57	1	110	-350	121	-240
58	1	100	0	121	100
59	1	120	-200	121	-80
60	2	110	-1250	121	-1140
61	3	55	-25	121	30
62	4	45	0	121	45
63	1	130	-250	121	-120
64	1	110	-150	121	-40
65	3	65	-75	121	-10
66	4	55	0	121	55
67	1	140	-250	121	-110
68	3	45	0	121	45
69	2	80	0	121	80
70	4	65	0	121	65
71	1	120	0	121	120
72	1	130	-350	121	-220
73	3	70	-25	121	45
74	2	110	0	121	110
75	4	70	0	121	70
76	1	120	-200	121	-80
77	3	40	0	121	40
78	4	50	0	121	50
79	1	140	-250	121	-110
80	1	130	-250	121	-120
81	1	110	-150	121	-40
82	2	100	0	121	100
83	3	50	-25	121	25
84	4	70	-275	121	-205
85	3	60	-75	121	-15
86	1	150	0	121	150
87	2	90	0	121	90
88	4	60	0	121	60
89	3	70	0	121	70
90	4	55	0	121	55
91	1	140	-150	121	-10
92	2	130	-1500	121	-1370
93	1	120	-300	121	-180
94	3	40	-50	121	-10
95	4	65	0	121	65
96	1	150	-350	121	-200
97	2	120	0	121	120
98	3	60	0	121	60
99	4	80	0	121	80
100	1	110	0	121	110
1	2	100	0	122	100
2	4	50	0	122	50
3	3	50	0	122	50
4	2	80	0	122	80
5	3	60	0	122	60
6	4	40	0	122	40
7	2	110	0	122	110
8	2	120	0	122	120
9	1	100	0	122	100
10	3	40	-50	122	-10
11	4	45	0	122	45
12	2	90	0	122	90
13	2	100	0	122	100
14	4	45	0	122	45
15	1	120	0	122	120
16	1	80	-150	122	-70
17	2	90	0	122	90
18	4	55	0	122	55
19	3	55	0	122	55
20	2	120	0	122	120
21	2	110	-1250	122	-1140
22	3	55	-50	122	5
23	4	60	0	122	60
24	1	90	0	122	90
25	1	110	-300	122	-190
26	2	80	0	122	80
27	3	45	0	122	45
28	2	110	0	122	110
29	3	50	-50	122	0
30	4	40	0	122	40
31	2	100	0	122	100
32	1	100	0	122	100
33	1	80	-200	122	-120
34	3	45	0	122	45
35	4	55	0	122	55
36	3	60	-50	122	10
37	4	50	0	122	50
38	4	60	-250	122	-190
39	3	40	-50	122	-10
40	2	90	0	122	90
41	2	130	-1500	122	-1370
42	4	55	0	122	55
43	1	120	0	122	120
44	3	55	0	122	55
45	4	40	0	122	40
46	1	110	-250	122	-140
47	2	120	0	122	120
48	3	55	-25	122	30
49	4	60	0	122	60
50	3	65	-75	122	-10
51	2	130	0	122	130
52	1	90	-350	122	-260
53	2	110	0	122	110
54	4	40	0	122	40
55	3	45	0	122	45
56	3	70	-25	122	45
57	3	40	0	122	40
58	4	45	0	122	45
59	2	90	0	122	90
60	2	100	0	122	100
61	2	120	0	122	120
62	3	50	-25	122	25
63	4	55	0	122	55
64	4	65	0	122	65
65	4	70	0	122	70
66	1	110	0	122	110
67	3	60	-75	122	-15
68	1	130	-350	122	-220
69	2	120	-1750	122	-1630
70	4	50	0	122	50
71	3	70	0	122	70
72	4	70	-275	122	-205
73	2	110	0	122	110
74	2	140	0	122	140
75	2	130	0	122	130
76	3	40	-50	122	-10
77	4	60	0	122	60
78	4	55	0	122	55
79	1	90	0	122	90
80	1	100	-250	122	-150
81	2	100	0	122	100
82	2	110	0	122	110
83	4	65	0	122	65
84	3	60	0	122	60
85	1	120	-200	122	-80
86	4	80	0	122	80
87	4	40	0	122	40
88	2	120	0	122	120
89	3	65	-25	122	40
90	1	110	0	122	110
91	4	80	0	122	80
92	3	55	0	122	55
93	4	40	0	122	40
94	3	80	-50	122	30
95	1	90	-300	122	-210
96	4	65	0	122	65
97	3	40	-25	122	15
98	4	55	-300	122	-245
99	2	120	0	122	120
100	3	60	-50	122	10
1	2	100	0	123	100
2	2	80	0	123	80
3	3	50	0	123	50
4	2	110	0	123	110
5	1	100	0	123	100
6	4	50	0	123	50
7	4	40	0	123	40
8	2	120	0	123	120
9	3	60	0	123	60
10	1	120	0	123	120
11	2	90	0	123	90
12	1	80	-150	123	-70
13	1	90	0	123	90
14	1	110	-300	123	-190
15	2	100	0	123	100
16	2	90	0	123	90
17	3	40	-50	123	-10
18	4	45	0	123	45
19	2	120	0	123	120
20	2	110	-1250	123	-1140
21	1	100	0	123	100
22	1	80	-200	123	-120
23	2	80	0	123	80
24	3	55	0	123	55
25	3	55	-50	123	5
26	4	45	0	123	45
27	4	55	0	123	55
28	2	110	0	123	110
29	2	100	0	123	100
30	2	90	0	123	90
31	2	130	-1500	123	-1370
32	1	120	0	123	120
33	1	110	-250	123	-140
34	3	45	0	123	45
35	3	50	-50	123	0
36	2	120	0	123	120
37	2	130	0	123	130
38	2	110	0	123	110
39	2	90	0	123	90
40	4	60	0	123	60
41	4	40	0	123	40
42	2	100	0	123	100
43	4	55	0	123	55
44	4	50	0	123	50
45	2	120	0	123	120
46	1	90	-350	123	-260
47	2	120	-1750	123	-1630
48	3	45	0	123	45
49	3	60	-50	123	10
50	3	40	-50	123	-10
51	2	110	0	123	110
52	2	140	0	123	140
53	2	130	0	123	130
54	4	60	-250	123	-190
55	2	100	0	123	100
56	1	110	0	123	110
57	2	110	0	123	110
58	3	55	0	123	55
59	4	55	0	123	55
60	2	120	0	123	120
61	1	130	-350	123	-220
62	2	120	0	123	120
63	3	55	-25	123	30
64	2	140	0	123	140
65	4	40	0	123	40
66	4	60	0	123	60
67	4	40	0	123	40
68	4	45	0	123	45
69	4	55	0	123	55
70	2	110	0	123	110
71	2	130	0	123	130
72	3	65	-75	123	-10
73	3	45	0	123	45
74	3	70	-25	123	45
75	3	40	0	123	40
76	4	65	0	123	65
77	2	140	-2000	123	-1860
78	4	70	0	123	70
79	4	50	0	123	50
80	4	70	-275	123	-205
81	4	60	0	123	60
82	1	90	0	123	90
83	2	120	0	123	120
84	3	50	-25	123	25
85	4	55	0	123	55
86	4	65	0	123	65
87	2	110	0	123	110
88	2	130	0	123	130
89	4	80	0	123	80
90	2	150	0	123	150
91	4	40	0	123	40
92	2	110	0	123	110
93	1	100	-250	123	-150
94	3	60	-75	123	-15
95	4	80	0	123	80
96	4	40	0	123	40
97	4	65	0	123	65
98	2	150	0	123	150
99	2	120	0	123	120
100	3	70	0	123	70
1	2	100	0	124	100
2	3	50	0	124	50
3	3	60	0	124	60
4	3	40	-50	124	-10
5	2	80	0	124	80
6	4	50	0	124	50
7	1	100	0	124	100
8	4	40	0	124	40
9	2	110	0	124	110
10	2	120	0	124	120
11	1	120	0	124	120
12	4	45	0	124	45
13	3	55	0	124	55
14	1	80	-150	124	-70
15	3	55	-50	124	5
16	4	45	0	124	45
17	4	55	0	124	55
18	1	90	0	124	90
19	4	60	0	124	60
20	4	40	0	124	40
21	4	55	0	124	55
22	1	110	-300	124	-190
23	4	50	0	124	50
24	4	60	-250	124	-190
25	2	90	0	124	90
26	3	45	0	124	45
27	1	100	0	124	100
28	4	55	0	124	55
29	4	40	0	124	40
30	3	50	-50	124	0
31	1	80	-200	124	-120
32	4	60	0	124	60
33	3	45	0	124	45
34	4	40	0	124	40
35	2	100	0	124	100
36	2	90	0	124	90
37	1	120	0	124	120
38	4	45	0	124	45
39	3	60	-50	124	10
40	1	110	-250	124	-140
41	4	55	0	124	55
42	4	65	0	124	65
43	4	70	0	124	70
44	3	40	-50	124	-10
45	1	90	-350	124	-260
46	4	50	0	124	50
47	4	70	-275	124	-205
48	4	60	0	124	60
49	2	120	0	124	120
50	2	110	-1250	124	-1140
51	4	55	0	124	55
52	3	55	0	124	55
53	1	110	0	124	110
54	4	65	0	124	65
55	2	80	0	124	80
56	3	55	-25	124	30
57	1	130	-350	124	-220
58	4	80	0	124	80
59	3	65	-75	124	-10
60	2	110	0	124	110
61	1	90	0	124	90
62	4	40	0	124	40
63	3	45	0	124	45
64	2	100	0	124	100
65	4	80	0	124	80
66	1	100	-250	124	-150
67	4	40	0	124	40
68	3	70	-25	124	45
69	2	90	0	124	90
70	4	65	0	124	65
71	1	120	-200	124	-80
72	3	40	0	124	40
73	4	55	-300	124	-245
74	2	130	-1500	124	-1370
75	4	60	0	124	60
76	3	50	-25	124	25
77	1	110	0	124	110
78	2	120	0	124	120
79	3	60	-75	124	-15
80	4	65	0	124	65
81	1	90	-300	124	-210
82	3	70	0	124	70
83	2	130	0	124	130
84	4	75	0	124	75
85	1	130	-150	124	-20
86	2	110	0	124	110
87	4	60	0	124	60
88	3	40	-50	124	-10
89	2	90	0	124	90
90	4	65	0	124	65
91	3	60	0	124	60
92	1	120	-250	124	-130
93	4	75	-325	124	-250
94	3	65	-25	124	40
95	4	85	0	124	85
96	4	45	0	124	45
97	1	100	0	124	100
98	4	55	0	124	55
99	2	100	0	124	100
100	3	55	0	124	55
1	1	100	0	126	100
2	1	120	0	126	120
3	4	50	0	126	50
4	3	50	0	126	50
5	3	60	0	126	60
6	1	80	-150	126	-70
7	1	90	0	126	90
8	1	110	-300	126	-190
9	1	100	0	126	100
10	1	80	-200	126	-120
11	1	120	0	126	120
12	4	40	0	126	40
13	3	40	-50	126	-10
14	2	100	0	126	100
15	1	110	-250	126	-140
16	1	90	-350	126	-260
17	1	110	0	126	110
18	1	130	-350	126	-220
19	1	90	0	126	90
20	2	80	0	126	80
21	3	55	0	126	55
22	4	45	0	126	45
23	1	100	-250	126	-150
24	1	120	-200	126	-80
25	1	110	0	126	110
26	1	90	-300	126	-210
27	1	130	-150	126	-20
28	1	120	-250	126	-130
29	1	100	0	126	100
30	1	120	-250	126	-130
31	1	140	-300	126	-160
32	1	110	0	126	110
33	4	45	0	126	45
34	3	55	-50	126	5
35	2	110	0	126	110
36	4	55	0	126	55
37	2	120	0	126	120
38	4	60	0	126	60
39	2	90	0	126	90
40	4	40	0	126	40
41	2	100	0	126	100
42	4	55	0	126	55
43	2	90	0	126	90
44	4	50	0	126	50
45	2	120	0	126	120
46	4	60	-250	126	-190
47	2	110	-1250	126	-1140
48	3	45	0	126	45
49	1	110	-350	126	-240
50	2	80	0	126	80
51	3	50	-50	126	0
52	3	45	0	126	45
53	4	55	0	126	55
54	1	100	0	126	100
55	3	60	-50	126	10
56	4	40	0	126	40
57	1	120	-200	126	-80
58	1	130	-250	126	-120
59	1	110	-150	126	-40
60	3	40	-50	126	-10
61	4	60	0	126	60
62	2	110	0	126	110
63	2	100	0	126	100
64	3	55	0	126	55
65	1	140	-250	126	-110
66	3	55	-25	126	30
67	2	90	0	126	90
68	4	40	0	126	40
69	4	45	0	126	45
70	4	55	0	126	55
71	4	65	0	126	65
72	4	70	0	126	70
73	4	50	0	126	50
74	4	70	-275	126	-205
75	4	60	0	126	60
76	1	120	0	126	120
77	4	55	0	126	55
78	2	130	-1500	126	-1370
79	2	120	0	126	120
80	4	65	0	126	65
81	1	130	-350	126	-220
82	4	80	0	126	80
83	4	40	0	126	40
84	4	80	0	126	80
85	3	65	-75	126	-10
86	2	130	0	126	130
87	4	40	0	126	40
88	4	65	0	126	65
89	4	55	-300	126	-245
90	3	45	0	126	45
91	3	70	-25	126	45
92	3	40	0	126	40
93	4	60	0	126	60
94	2	110	0	126	110
95	3	50	-25	126	25
96	3	60	-75	126	-15
97	4	65	0	126	65
98	4	75	0	126	75
99	4	60	0	126	60
100	4	65	0	126	65
1	3	50	0	127	50
2	1	100	0	127	100
3	4	50	0	127	50
4	2	100	0	127	100
5	3	60	0	127	60
6	3	40	-50	127	-10
7	3	55	0	127	55
8	1	120	0	127	120
9	1	80	-150	127	-70
10	1	90	0	127	90
11	1	110	-300	127	-190
12	2	80	0	127	80
13	2	110	0	127	110
14	2	120	0	127	120
15	2	90	0	127	90
16	2	100	0	127	100
17	2	90	0	127	90
18	2	120	0	127	120
19	2	110	-1250	127	-1140
20	4	40	0	127	40
21	4	45	0	127	45
22	4	45	0	127	45
23	4	55	0	127	55
24	3	55	-50	127	5
25	4	60	0	127	60
26	4	40	0	127	40
27	4	55	0	127	55
28	4	50	0	127	50
29	4	60	-250	127	-190
30	4	55	0	127	55
31	4	40	0	127	40
32	4	60	0	127	60
33	4	40	0	127	40
34	4	45	0	127	45
35	4	55	0	127	55
36	4	65	0	127	65
37	4	70	0	127	70
38	4	50	0	127	50
39	4	70	-275	127	-205
40	3	45	0	127	45
41	2	80	0	127	80
42	1	100	0	127	100
43	2	110	0	127	110
44	3	50	-50	127	0
45	4	60	0	127	60
46	1	80	-200	127	-120
47	2	100	0	127	100
48	2	90	0	127	90
49	2	130	-1500	127	-1370
50	3	45	0	127	45
51	3	60	-50	127	10
52	3	40	-50	127	-10
53	1	120	0	127	120
54	1	110	-250	127	-140
55	1	90	-350	127	-260
56	2	120	0	127	120
57	4	55	0	127	55
58	2	130	0	127	130
59	2	110	0	127	110
60	4	65	0	127	65
61	2	90	0	127	90
62	4	80	0	127	80
63	2	100	0	127	100
64	4	40	0	127	40
65	2	120	0	127	120
66	4	80	0	127	80
67	2	120	-1750	127	-1630
68	2	110	0	127	110
69	2	140	0	127	140
70	2	130	0	127	130
71	2	100	0	127	100
72	1	110	0	127	110
73	1	130	-350	127	-220
74	2	110	0	127	110
75	2	120	0	127	120
76	2	120	0	127	120
77	2	140	0	127	140
78	2	110	0	127	110
79	2	130	0	127	130
80	2	140	-2000	127	-1860
81	4	40	0	127	40
82	4	65	0	127	65
83	4	55	-300	127	-245
84	4	60	0	127	60
85	3	55	0	127	55
86	2	120	0	127	120
87	1	90	0	127	90
88	2	110	0	127	110
89	3	55	-25	127	30
90	4	65	0	127	65
91	1	100	-250	127	-150
92	2	130	0	127	130
93	3	65	-75	127	-10
94	2	150	0	127	150
95	1	120	-200	127	-80
96	2	110	0	127	110
97	3	45	0	127	45
98	4	75	0	127	75
99	1	110	0	127	110
100	2	150	0	127	150
1	1	100	0	128	100
2	2	100	0	128	100
3	3	50	0	128	50
4	3	60	0	128	60
5	3	40	-50	128	-10
6	4	50	0	128	50
7	4	40	0	128	40
8	4	45	0	128	45
9	4	45	0	128	45
10	4	55	0	128	55
11	4	60	0	128	60
12	4	40	0	128	40
13	4	55	0	128	55
14	4	50	0	128	50
15	4	60	-250	128	-190
16	3	55	0	128	55
17	3	55	-50	128	5
18	4	55	0	128	55
19	3	45	0	128	45
20	4	40	0	128	40
21	3	50	-50	128	0
22	4	60	0	128	60
23	3	45	0	128	45
24	3	60	-50	128	10
25	4	40	0	128	40
26	4	45	0	128	45
27	3	40	-50	128	-10
28	4	55	0	128	55
29	3	55	0	128	55
30	3	55	-25	128	30
31	4	65	0	128	65
32	3	65	-75	128	-10
33	4	70	0	128	70
34	4	50	0	128	50
35	4	70	-275	128	-205
36	3	45	0	128	45
37	3	70	-25	128	45
38	3	40	0	128	40
39	4	60	0	128	60
40	3	50	-25	128	25
41	4	55	0	128	55
42	4	65	0	128	65
43	3	60	-75	128	-15
44	4	80	0	128	80
45	4	40	0	128	40
46	3	70	0	128	70
47	3	40	-50	128	-10
48	4	80	0	128	80
49	4	40	0	128	40
50	4	65	0	128	65
51	4	55	-300	128	-245
52	3	60	0	128	60
53	4	60	0	128	60
54	4	65	0	128	65
55	4	75	0	128	75
56	4	60	0	128	60
57	3	65	-25	128	40
58	4	65	0	128	65
59	4	75	-325	128	-250
60	3	55	0	128	55
61	3	80	-50	128	30
62	3	40	-25	128	15
63	4	85	0	128	85
64	4	45	0	128	45
65	4	55	0	128	55
66	2	80	0	128	80
67	1	120	0	128	120
68	1	80	-150	128	-70
69	2	110	0	128	110
70	2	120	0	128	120
71	2	90	0	128	90
72	2	100	0	128	100
73	2	90	0	128	90
74	3	60	-50	128	10
75	2	120	0	128	120
76	2	110	-1250	128	-1140
77	4	70	0	128	70
78	4	55	0	128	55
79	4	70	0	128	70
80	3	55	0	128	55
81	3	65	-25	128	40
82	2	80	0	128	80
83	2	110	0	128	110
84	2	100	0	128	100
85	2	90	0	128	90
86	1	90	0	128	90
87	1	110	-300	128	-190
88	2	130	-1500	128	-1370
89	4	80	0	128	80
90	4	65	0	128	65
91	4	70	0	128	70
92	3	40	-75	128	-35
93	2	120	0	128	120
94	2	130	0	128	130
95	1	100	0	128	100
96	1	80	-200	128	-120
97	3	80	-50	128	30
98	4	80	-350	128	-270
99	3	65	-25	128	40
100	2	110	0	128	110
1	2	100	0	132	100
2	4	50	0	132	50
3	3	50	0	132	50
4	2	80	0	132	80
5	4	40	0	132	40
6	3	60	0	132	60
7	1	100	0	132	100
8	3	40	-50	132	-10
9	2	110	0	132	110
10	4	45	0	132	45
11	1	120	0	132	120
12	2	120	0	132	120
13	1	80	-150	132	-70
14	4	45	0	132	45
15	3	55	0	132	55
16	1	90	0	132	90
17	2	90	0	132	90
18	4	55	0	132	55
19	1	110	-300	132	-190
20	2	100	0	132	100
21	3	55	-50	132	5
22	2	90	0	132	90
23	2	120	0	132	120
24	2	110	-1250	132	-1140
25	4	60	0	132	60
26	1	100	0	132	100
27	1	80	-200	132	-120
28	2	80	0	132	80
29	4	40	0	132	40
30	3	45	0	132	45
31	1	120	0	132	120
32	2	110	0	132	110
33	1	110	-250	132	-140
34	4	55	0	132	55
35	4	50	0	132	50
36	3	50	-50	132	0
37	2	100	0	132	100
38	1	90	-350	132	-260
39	2	90	0	132	90
40	4	60	-250	132	-190
41	3	45	0	132	45
42	3	60	-50	132	10
43	2	130	-1500	132	-1370
44	4	55	0	132	55
45	1	110	0	132	110
46	4	40	0	132	40
47	1	130	-350	132	-220
48	2	120	0	132	120
49	1	90	0	132	90
50	2	130	0	132	130
51	1	100	-250	132	-150
52	4	60	0	132	60
53	3	40	-50	132	-10
54	2	110	0	132	110
55	1	120	-200	132	-80
56	2	90	0	132	90
57	4	40	0	132	40
58	4	45	0	132	45
59	2	100	0	132	100
60	2	120	0	132	120
61	1	110	0	132	110
62	2	120	-1750	132	-1630
63	1	90	-300	132	-210
64	2	110	0	132	110
65	4	55	0	132	55
66	4	65	0	132	65
67	2	140	0	132	140
68	1	130	-150	132	-20
69	2	130	0	132	130
70	4	70	0	132	70
71	1	120	-250	132	-130
72	3	55	0	132	55
73	3	55	-25	132	30
74	2	100	0	132	100
75	2	110	0	132	110
76	4	50	0	132	50
77	1	100	0	132	100
78	2	120	0	132	120
79	1	120	-250	132	-130
80	2	120	0	132	120
81	4	70	-275	132	-205
82	3	65	-75	132	-10
83	2	140	0	132	140
84	1	140	-300	132	-160
85	2	110	0	132	110
86	2	130	0	132	130
87	3	45	0	132	45
88	4	60	0	132	60
89	2	140	-2000	132	-1860
90	1	110	0	132	110
91	4	55	0	132	55
92	2	120	0	132	120
93	1	110	-350	132	-240
94	2	110	0	132	110
95	4	65	0	132	65
96	4	80	0	132	80
97	1	100	0	132	100
98	2	130	0	132	130
99	2	150	0	132	150
100	4	40	0	132	40
1	3	50	0	153	50
2	1	100	0	153	100
3	2	100	0	153	100
4	3	60	0	153	60
5	4	50	0	153	50
6	1	120	0	153	120
7	1	80	-150	153	-70
8	2	80	0	153	80
9	2	110	0	153	110
10	4	40	0	153	40
11	1	90	0	153	90
12	1	110	-300	153	-190
13	1	100	0	153	100
14	2	120	0	153	120
15	3	40	-50	153	-10
16	1	80	-200	153	-120
17	1	120	0	153	120
18	1	110	-250	153	-140
19	2	90	0	153	90
20	4	45	0	153	45
21	4	45	0	153	45
22	3	55	0	153	55
23	1	90	-350	153	-260
24	1	110	0	153	110
25	4	55	0	153	55
26	4	60	0	153	60
27	1	130	-350	153	-220
28	2	100	0	153	100
29	2	90	0	153	90
30	4	40	0	153	40
31	1	90	0	153	90
32	2	120	0	153	120
33	3	55	-50	153	5
34	4	55	0	153	55
35	4	50	0	153	50
36	4	60	-250	153	-190
37	1	100	-250	153	-150
38	1	120	-200	153	-80
39	2	110	-1250	153	-1140
40	1	110	0	153	110
41	1	90	-300	153	-210
42	4	55	0	153	55
43	4	40	0	153	40
44	3	45	0	153	45
45	4	60	0	153	60
46	2	80	0	153	80
47	4	40	0	153	40
48	2	110	0	153	110
49	4	45	0	153	45
50	1	130	-150	153	-20
51	4	55	0	153	55
52	4	65	0	153	65
53	3	50	-50	153	0
54	4	70	0	153	70
55	2	100	0	153	100
56	1	120	-250	153	-130
57	4	50	0	153	50
58	4	70	-275	153	-205
59	4	60	0	153	60
60	4	55	0	153	55
61	4	65	0	153	65
62	2	90	0	153	90
63	3	45	0	153	45
64	4	80	0	153	80
65	4	40	0	153	40
66	4	80	0	153	80
67	4	40	0	153	40
68	4	65	0	153	65
69	4	55	-300	153	-245
70	4	60	0	153	60
71	4	65	0	153	65
72	4	75	0	153	75
73	1	100	0	153	100
74	1	120	-250	153	-130
75	1	140	-300	153	-160
76	2	130	-1500	153	-1370
77	4	60	0	153	60
78	4	65	0	153	65
79	1	110	0	153	110
80	1	110	-350	153	-240
81	2	120	0	153	120
82	2	130	0	153	130
83	3	60	-50	153	10
84	4	75	-325	153	-250
85	4	85	0	153	85
86	4	45	0	153	45
87	1	100	0	153	100
88	1	120	-200	153	-80
89	1	130	-250	153	-120
90	4	55	0	153	55
91	2	110	0	153	110
92	3	40	-50	153	-10
93	4	70	0	153	70
94	4	55	0	153	55
95	4	70	0	153	70
96	1	110	-150	153	-40
97	1	140	-250	153	-110
98	1	120	0	153	120
99	2	90	0	153	90
100	3	55	0	153	55
1	3	50	0	171	50
2	1	100	0	171	100
3	2	100	0	171	100
4	4	50	0	171	50
5	1	120	0	171	120
6	2	80	0	171	80
7	3	60	0	171	60
8	1	80	-150	171	-70
9	4	40	0	171	40
10	2	110	0	171	110
11	2	120	0	171	120
12	3	40	-50	171	-10
13	2	90	0	171	90
14	2	100	0	171	100
15	2	90	0	171	90
16	2	120	0	171	120
17	2	110	-1250	171	-1140
18	4	45	0	171	45
19	2	80	0	171	80
20	2	110	0	171	110
21	1	90	0	171	90
22	3	55	0	171	55
23	4	45	0	171	45
24	2	100	0	171	100
25	1	110	-300	171	-190
26	2	90	0	171	90
27	3	55	-50	171	5
28	4	55	0	171	55
29	4	60	0	171	60
30	2	130	-1500	171	-1370
31	2	120	0	171	120
32	4	40	0	171	40
33	1	100	0	171	100
34	2	130	0	171	130
35	3	45	0	171	45
36	4	55	0	171	55
37	2	110	0	171	110
38	1	80	-200	171	-120
39	2	90	0	171	90
40	3	50	-50	171	0
41	2	100	0	171	100
42	1	120	0	171	120
43	2	120	0	171	120
44	1	110	-250	171	-140
45	2	120	-1750	171	-1630
46	3	45	0	171	45
47	4	50	0	171	50
48	3	60	-50	171	10
49	4	60	-250	171	-190
50	2	110	0	171	110
51	3	40	-50	171	-10
52	1	90	-350	171	-260
53	2	140	0	171	140
54	3	55	0	171	55
55	4	55	0	171	55
56	3	55	-25	171	30
57	2	130	0	171	130
58	4	40	0	171	40
59	1	110	0	171	110
60	2	100	0	171	100
61	4	60	0	171	60
62	2	110	0	171	110
63	4	40	0	171	40
64	1	130	-350	171	-220
65	2	120	0	171	120
66	4	45	0	171	45
67	1	90	0	171	90
68	2	120	0	171	120
69	4	55	0	171	55
70	2	140	0	171	140
71	1	100	-250	171	-150
72	2	110	0	171	110
73	4	65	0	171	65
74	3	65	-75	171	-10
75	4	70	0	171	70
76	1	120	-200	171	-80
77	2	130	0	171	130
78	4	50	0	171	50
79	2	140	-2000	171	-1860
80	3	45	0	171	45
81	4	70	-275	171	-205
82	2	120	0	171	120
83	4	60	0	171	60
84	2	110	0	171	110
85	4	55	0	171	55
86	1	110	0	171	110
87	4	65	0	171	65
88	2	130	0	171	130
89	3	70	-25	171	45
90	4	80	0	171	80
91	1	90	-300	171	-210
92	2	150	0	171	150
93	3	40	0	171	40
94	2	110	0	171	110
95	4	40	0	171	40
96	1	130	-150	171	-20
97	4	80	0	171	80
98	2	150	0	171	150
99	4	40	0	171	40
100	2	120	0	171	120
1	1	100	0	181	100
2	1	120	0	181	120
3	1	80	-150	181	-70
4	1	90	0	181	90
5	1	110	-300	181	-190
6	1	100	0	181	100
7	1	80	-200	181	-120
8	2	100	0	181	100
9	1	120	0	181	120
10	1	110	-250	181	-140
11	4	50	0	181	50
12	1	90	-350	181	-260
13	1	110	0	181	110
14	1	130	-350	181	-220
15	2	80	0	181	80
16	2	110	0	181	110
17	2	120	0	181	120
18	2	90	0	181	90
19	2	100	0	181	100
20	2	90	0	181	90
21	2	120	0	181	120
22	2	110	-1250	181	-1140
23	2	80	0	181	80
24	2	110	0	181	110
25	2	100	0	181	100
26	2	90	0	181	90
27	2	130	-1500	181	-1370
28	3	50	0	181	50
29	3	60	0	181	60
30	3	40	-50	181	-10
31	3	55	0	181	55
32	3	55	-50	181	5
33	4	40	0	181	40
34	4	45	0	181	45
35	2	120	0	181	120
36	1	90	0	181	90
37	4	45	0	181	45
38	2	130	0	181	130
39	3	45	0	181	45
40	1	100	-250	181	-150
41	4	55	0	181	55
42	4	60	0	181	60
43	3	50	-50	181	0
44	2	110	0	181	110
45	1	120	-200	181	-80
46	3	45	0	181	45
47	2	90	0	181	90
48	4	40	0	181	40
49	4	55	0	181	55
50	4	50	0	181	50
51	4	60	-250	181	-190
52	3	60	-50	181	10
53	2	100	0	181	100
54	2	120	0	181	120
55	1	110	0	181	110
56	4	55	0	181	55
57	2	120	-1750	181	-1630
58	3	40	-50	181	-10
59	2	110	0	181	110
60	2	140	0	181	140
61	1	90	-300	181	-210
62	3	55	0	181	55
63	3	55	-25	181	30
64	4	40	0	181	40
65	4	60	0	181	60
66	4	40	0	181	40
67	4	45	0	181	45
68	4	55	0	181	55
69	4	65	0	181	65
70	4	70	0	181	70
71	2	130	0	181	130
72	4	50	0	181	50
73	4	70	-275	181	-205
74	3	65	-75	181	-10
75	4	60	0	181	60
76	4	55	0	181	55
77	4	65	0	181	65
78	4	80	0	181	80
79	4	40	0	181	40
80	4	80	0	181	80
81	4	40	0	181	40
82	4	65	0	181	65
83	4	55	-300	181	-245
84	4	60	0	181	60
85	4	65	0	181	65
86	4	75	0	181	75
87	4	60	0	181	60
88	2	100	0	181	100
89	2	110	0	181	110
90	4	65	0	181	65
91	4	75	-325	181	-250
92	2	120	0	181	120
93	2	120	0	181	120
94	2	140	0	181	140
95	4	85	0	181	85
96	4	45	0	181	45
97	4	55	0	181	55
98	4	70	0	181	70
99	4	55	0	181	55
100	2	110	0	181	110
1	4	50	0	185	50
2	4	40	0	185	40
3	3	50	0	185	50
4	4	45	0	185	45
5	1	100	0	185	100
6	2	100	0	185	100
7	1	120	0	185	120
8	1	80	-150	185	-70
9	4	45	0	185	45
10	4	55	0	185	55
11	4	60	0	185	60
12	4	40	0	185	40
13	4	55	0	185	55
14	3	60	0	185	60
15	2	80	0	185	80
16	4	50	0	185	50
17	3	40	-50	185	-10
18	4	60	-250	185	-190
19	1	90	0	185	90
20	1	110	-300	185	-190
21	4	55	0	185	55
22	4	40	0	185	40
23	3	55	0	185	55
24	2	110	0	185	110
25	4	60	0	185	60
26	1	100	0	185	100
27	4	40	0	185	40
28	4	45	0	185	45
29	3	55	-50	185	5
30	4	55	0	185	55
31	1	80	-200	185	-120
32	4	65	0	185	65
33	4	70	0	185	70
34	3	45	0	185	45
35	4	50	0	185	50
36	4	70	-275	185	-205
37	3	50	-50	185	0
38	1	120	0	185	120
39	1	110	-250	185	-140
40	2	120	0	185	120
41	2	90	0	185	90
42	2	100	0	185	100
43	3	45	0	185	45
44	1	90	-350	185	-260
45	2	90	0	185	90
46	4	60	0	185	60
47	3	60	-50	185	10
48	2	120	0	185	120
49	1	110	0	185	110
50	4	55	0	185	55
51	3	40	-50	185	-10
52	2	110	-1250	185	-1140
53	4	65	0	185	65
54	3	55	0	185	55
55	4	80	0	185	80
56	3	55	-25	185	30
57	1	130	-350	185	-220
58	2	80	0	185	80
59	3	65	-75	185	-10
60	4	40	0	185	40
61	4	80	0	185	80
62	1	90	0	185	90
63	4	40	0	185	40
64	3	45	0	185	45
65	2	110	0	185	110
66	4	65	0	185	65
67	3	70	-25	185	45
68	3	40	0	185	40
69	4	55	-300	185	-245
70	3	50	-25	185	25
71	1	100	-250	185	-150
72	2	100	0	185	100
73	4	60	0	185	60
74	4	65	0	185	65
75	4	75	0	185	75
76	3	60	-75	185	-15
77	4	60	0	185	60
78	4	65	0	185	65
79	4	75	-325	185	-250
80	1	120	-200	185	-80
81	1	110	0	185	110
82	1	90	-300	185	-210
83	2	90	0	185	90
84	4	85	0	185	85
85	3	70	0	185	70
86	4	45	0	185	45
87	1	130	-150	185	-20
88	1	120	-250	185	-130
89	4	55	0	185	55
90	3	40	-50	185	-10
91	3	60	0	185	60
92	4	70	0	185	70
93	3	65	-25	185	40
94	3	55	0	185	55
95	1	100	0	185	100
96	4	55	0	185	55
97	2	130	-1500	185	-1370
98	4	70	0	185	70
99	4	80	0	185	80
100	3	80	-50	185	30
1	1	100	0	206	100
2	3	50	0	206	50
3	2	100	0	206	100
4	4	50	0	206	50
5	2	80	0	206	80
6	1	120	0	206	120
7	2	110	0	206	110
8	1	80	-150	206	-70
9	3	60	0	206	60
10	2	120	0	206	120
11	4	40	0	206	40
12	1	90	0	206	90
13	2	90	0	206	90
14	3	40	-50	206	-10
15	1	110	-300	206	-190
16	2	100	0	206	100
17	4	45	0	206	45
18	2	90	0	206	90
19	3	55	0	206	55
20	1	100	0	206	100
21	3	55	-50	206	5
22	2	120	0	206	120
23	2	110	-1250	206	-1140
24	1	80	-200	206	-120
25	4	45	0	206	45
26	3	45	0	206	45
27	2	80	0	206	80
28	1	120	0	206	120
29	2	110	0	206	110
30	3	50	-50	206	0
31	1	110	-250	206	-140
32	2	100	0	206	100
33	4	55	0	206	55
34	3	45	0	206	45
35	2	90	0	206	90
36	1	90	-350	206	-260
37	3	60	-50	206	10
38	2	130	-1500	206	-1370
39	3	40	-50	206	-10
40	4	60	0	206	60
41	4	40	0	206	40
42	2	120	0	206	120
43	2	130	0	206	130
44	1	110	0	206	110
45	1	130	-350	206	-220
46	2	110	0	206	110
47	4	55	0	206	55
48	3	55	0	206	55
49	1	90	0	206	90
50	2	90	0	206	90
51	1	100	-250	206	-150
52	3	55	-25	206	30
53	2	100	0	206	100
54	2	120	0	206	120
55	4	50	0	206	50
56	2	120	-1750	206	-1630
57	4	60	-250	206	-190
58	3	65	-75	206	-10
59	2	110	0	206	110
60	2	140	0	206	140
61	1	120	-200	206	-80
62	3	45	0	206	45
63	4	55	0	206	55
64	2	130	0	206	130
65	3	70	-25	206	45
66	1	110	0	206	110
67	1	90	-300	206	-210
68	2	100	0	206	100
69	3	40	0	206	40
70	4	40	0	206	40
71	3	50	-25	206	25
72	1	130	-150	206	-20
73	2	110	0	206	110
74	3	60	-75	206	-15
75	2	120	0	206	120
76	3	70	0	206	70
77	4	60	0	206	60
78	2	120	0	206	120
79	3	40	-50	206	-10
80	2	140	0	206	140
81	2	110	0	206	110
82	3	60	0	206	60
83	4	40	0	206	40
84	1	120	-250	206	-130
85	2	130	0	206	130
86	3	65	-25	206	40
87	3	55	0	206	55
88	2	140	-2000	206	-1860
89	4	45	0	206	45
90	3	80	-50	206	30
91	1	100	0	206	100
92	2	120	0	206	120
93	4	55	0	206	55
94	2	110	0	206	110
95	1	120	-250	206	-130
96	3	40	-25	206	15
97	2	130	0	206	130
98	3	60	-50	206	10
99	1	140	-300	206	-160
100	4	65	0	206	65
1	3	50	0	207	50
2	4	50	0	207	50
3	2	100	0	207	100
4	1	100	0	207	100
5	2	80	0	207	80
6	1	120	0	207	120
7	3	60	0	207	60
8	1	80	-150	207	-70
9	4	40	0	207	40
10	3	40	-50	207	-10
11	4	45	0	207	45
12	4	45	0	207	45
13	4	55	0	207	55
14	4	60	0	207	60
15	4	40	0	207	40
16	4	55	0	207	55
17	4	50	0	207	50
18	4	60	-250	207	-190
19	3	55	0	207	55
20	4	55	0	207	55
21	3	55	-50	207	5
22	4	40	0	207	40
23	1	90	0	207	90
24	2	110	0	207	110
25	2	120	0	207	120
26	2	90	0	207	90
27	4	60	0	207	60
28	3	45	0	207	45
29	1	110	-300	207	-190
30	2	100	0	207	100
31	3	50	-50	207	0
32	4	40	0	207	40
33	4	45	0	207	45
34	4	55	0	207	55
35	4	65	0	207	65
36	4	70	0	207	70
37	4	50	0	207	50
38	4	70	-275	207	-205
39	2	90	0	207	90
40	1	100	0	207	100
41	3	45	0	207	45
42	4	60	0	207	60
43	4	55	0	207	55
44	4	65	0	207	65
45	3	60	-50	207	10
46	2	120	0	207	120
47	1	80	-200	207	-120
48	4	80	0	207	80
49	3	40	-50	207	-10
50	4	40	0	207	40
51	4	80	0	207	80
52	2	110	-1250	207	-1140
53	4	40	0	207	40
54	4	65	0	207	65
55	4	55	-300	207	-245
56	1	120	0	207	120
57	2	80	0	207	80
58	3	55	0	207	55
59	4	60	0	207	60
60	3	55	-25	207	30
61	3	65	-75	207	-10
62	4	65	0	207	65
63	2	110	0	207	110
64	1	110	-250	207	-140
65	3	45	0	207	45
66	2	100	0	207	100
67	4	75	0	207	75
68	4	60	0	207	60
69	4	65	0	207	65
70	3	70	-25	207	45
71	4	75	-325	207	-250
72	2	90	0	207	90
73	1	90	-350	207	-260
74	4	85	0	207	85
75	3	40	0	207	40
76	3	50	-25	207	25
77	4	45	0	207	45
78	2	130	-1500	207	-1370
79	1	110	0	207	110
80	4	55	0	207	55
81	3	60	-75	207	-15
82	4	70	0	207	70
83	4	55	0	207	55
84	3	70	0	207	70
85	4	70	0	207	70
86	2	120	0	207	120
87	1	130	-350	207	-220
88	4	80	0	207	80
89	3	40	-50	207	-10
90	2	130	0	207	130
91	1	90	0	207	90
92	2	110	0	207	110
93	1	100	-250	207	-150
94	4	65	0	207	65
95	4	70	0	207	70
96	4	80	-350	207	-270
97	2	90	0	207	90
98	1	120	-200	207	-80
99	2	100	0	207	100
100	1	110	0	207	110
1	2	100	0	208	100
2	2	80	0	208	80
3	2	110	0	208	110
4	1	100	0	208	100
5	1	120	0	208	120
6	1	80	-150	208	-70
7	1	90	0	208	90
8	1	110	-300	208	-190
9	2	120	0	208	120
10	4	50	0	208	50
11	3	50	0	208	50
12	3	60	0	208	60
13	3	40	-50	208	-10
14	1	100	0	208	100
15	1	80	-200	208	-120
16	2	90	0	208	90
17	2	100	0	208	100
18	2	90	0	208	90
19	2	120	0	208	120
20	2	110	-1250	208	-1140
21	2	80	0	208	80
22	1	120	0	208	120
23	3	55	0	208	55
24	3	55	-50	208	5
25	3	45	0	208	45
26	3	50	-50	208	0
27	1	110	-250	208	-140
28	1	90	-350	208	-260
29	2	110	0	208	110
30	2	100	0	208	100
31	2	90	0	208	90
32	3	45	0	208	45
33	3	60	-50	208	10
34	3	40	-50	208	-10
35	3	55	0	208	55
36	3	55	-25	208	30
37	3	65	-75	208	-10
38	3	45	0	208	45
39	3	70	-25	208	45
40	3	40	0	208	40
41	4	40	0	208	40
42	4	45	0	208	45
43	4	45	0	208	45
44	4	55	0	208	55
45	4	60	0	208	60
46	4	40	0	208	40
47	4	55	0	208	55
48	4	50	0	208	50
49	4	60	-250	208	-190
50	4	55	0	208	55
51	4	40	0	208	40
52	4	60	0	208	60
53	4	40	0	208	40
54	4	45	0	208	45
55	3	50	-25	208	25
56	4	55	0	208	55
57	4	65	0	208	65
58	4	70	0	208	70
59	4	50	0	208	50
60	4	70	-275	208	-205
61	4	60	0	208	60
62	3	60	-75	208	-15
63	3	70	0	208	70
64	3	40	-50	208	-10
65	4	55	0	208	55
66	4	65	0	208	65
67	4	80	0	208	80
68	4	40	0	208	40
69	1	110	0	208	110
70	2	130	-1500	208	-1370
71	3	60	0	208	60
72	3	65	-25	208	40
73	3	55	0	208	55
74	3	80	-50	208	30
75	2	120	0	208	120
76	2	130	0	208	130
77	3	40	-25	208	15
78	3	60	-50	208	10
79	3	55	0	208	55
80	4	80	0	208	80
81	3	65	-25	208	40
82	3	40	-75	208	-35
83	3	80	-50	208	30
84	3	65	-25	208	40
85	4	40	0	208	40
86	4	65	0	208	65
87	2	110	0	208	110
88	1	130	-350	208	-220
89	3	75	0	208	75
90	3	55	-25	208	30
91	3	60	-25	208	35
92	4	55	-300	208	-245
93	3	70	-25	208	45
94	3	65	0	208	65
95	3	55	-75	208	-20
96	3	75	-25	208	50
97	3	45	-50	208	-5
98	3	85	-75	208	10
99	3	70	-25	208	45
100	4	60	0	208	60
1	1	100	0	209	100
2	1	120	0	209	120
3	2	100	0	209	100
4	1	80	-150	209	-70
5	3	50	0	209	50
6	3	60	0	209	60
7	3	40	-50	209	-10
8	1	90	0	209	90
9	4	50	0	209	50
10	3	55	0	209	55
11	2	80	0	209	80
12	3	55	-50	209	5
13	3	45	0	209	45
14	4	40	0	209	40
15	1	110	-300	209	-190
16	2	110	0	209	110
17	1	100	0	209	100
18	1	80	-200	209	-120
19	3	50	-50	209	0
20	3	45	0	209	45
21	4	45	0	209	45
22	2	120	0	209	120
23	3	60	-50	209	10
24	2	90	0	209	90
25	1	120	0	209	120
26	1	110	-250	209	-140
27	1	90	-350	209	-260
28	3	40	-50	209	-10
29	3	55	0	209	55
30	2	100	0	209	100
31	2	90	0	209	90
32	2	120	0	209	120
33	2	110	-1250	209	-1140
34	4	45	0	209	45
35	2	80	0	209	80
36	2	110	0	209	110
37	3	55	-25	209	30
38	3	65	-75	209	-10
39	4	55	0	209	55
40	1	110	0	209	110
41	1	130	-350	209	-220
42	2	100	0	209	100
43	2	90	0	209	90
44	2	130	-1500	209	-1370
45	3	45	0	209	45
46	3	70	-25	209	45
47	4	60	0	209	60
48	2	120	0	209	120
49	1	90	0	209	90
50	2	130	0	209	130
51	2	110	0	209	110
52	2	90	0	209	90
53	3	40	0	209	40
54	3	50	-25	209	25
55	1	100	-250	209	-150
56	1	120	-200	209	-80
57	1	110	0	209	110
58	1	90	-300	209	-210
59	2	100	0	209	100
60	2	120	0	209	120
61	3	60	-75	209	-15
62	2	120	-1750	209	-1630
63	2	110	0	209	110
64	2	140	0	209	140
65	4	40	0	209	40
66	3	70	0	209	70
67	2	130	0	209	130
68	1	130	-150	209	-20
69	2	100	0	209	100
70	2	110	0	209	110
71	2	120	0	209	120
72	2	120	0	209	120
73	2	140	0	209	140
74	2	110	0	209	110
75	2	130	0	209	130
76	2	140	-2000	209	-1860
77	3	40	-50	209	-10
78	4	55	0	209	55
79	3	60	0	209	60
80	1	120	-250	209	-130
81	2	120	0	209	120
82	2	110	0	209	110
83	4	50	0	209	50
84	3	65	-25	209	40
85	2	130	0	209	130
86	2	150	0	209	150
87	1	100	0	209	100
88	1	120	-250	209	-130
89	1	140	-300	209	-160
90	4	60	-250	209	-190
91	1	110	0	209	110
92	2	110	0	209	110
93	1	110	-350	209	-240
94	2	150	0	209	150
95	3	55	0	209	55
96	4	55	0	209	55
97	3	80	-50	209	30
98	4	40	0	209	40
99	3	40	-25	209	15
100	4	60	0	209	60
1	3	50	0	212	50
2	3	60	0	212	60
3	1	100	0	212	100
4	4	50	0	212	50
5	2	100	0	212	100
6	2	80	0	212	80
7	1	120	0	212	120
8	3	40	-50	212	-10
9	2	110	0	212	110
10	4	40	0	212	40
11	1	80	-150	212	-70
12	2	120	0	212	120
13	2	90	0	212	90
14	2	100	0	212	100
15	2	90	0	212	90
16	2	120	0	212	120
17	2	110	-1250	212	-1140
18	2	80	0	212	80
19	3	55	0	212	55
20	2	110	0	212	110
21	3	55	-50	212	5
22	1	90	0	212	90
23	2	100	0	212	100
24	2	90	0	212	90
25	2	130	-1500	212	-1370
26	2	120	0	212	120
27	4	45	0	212	45
28	4	45	0	212	45
29	4	55	0	212	55
30	4	60	0	212	60
31	3	45	0	212	45
32	1	110	-300	212	-190
33	2	130	0	212	130
34	3	50	-50	212	0
35	4	40	0	212	40
36	4	55	0	212	55
37	4	50	0	212	50
38	4	60	-250	212	-190
39	2	110	0	212	110
40	2	90	0	212	90
41	3	45	0	212	45
42	1	100	0	212	100
43	4	55	0	212	55
44	2	100	0	212	100
45	3	60	-50	212	10
46	1	80	-200	212	-120
47	2	120	0	212	120
48	4	40	0	212	40
49	4	60	0	212	60
50	4	40	0	212	40
51	1	120	0	212	120
52	4	45	0	212	45
53	3	40	-50	212	-10
54	1	110	-250	212	-140
55	1	90	-350	212	-260
56	4	55	0	212	55
57	4	65	0	212	65
58	4	70	0	212	70
59	4	50	0	212	50
60	3	55	0	212	55
61	2	120	-1750	212	-1630
62	2	110	0	212	110
63	2	140	0	212	140
64	2	130	0	212	130
65	4	70	-275	212	-205
66	1	110	0	212	110
67	2	100	0	212	100
68	1	130	-350	212	-220
69	3	55	-25	212	30
70	3	65	-75	212	-10
71	4	60	0	212	60
72	4	55	0	212	55
73	4	65	0	212	65
74	4	80	0	212	80
75	4	40	0	212	40
76	4	80	0	212	80
77	3	45	0	212	45
78	4	40	0	212	40
79	4	65	0	212	65
80	4	55	-300	212	-245
81	2	110	0	212	110
82	1	90	0	212	90
83	3	70	-25	212	45
84	3	40	0	212	40
85	3	50	-25	212	25
86	3	60	-75	212	-15
87	4	60	0	212	60
88	4	65	0	212	65
89	2	120	0	212	120
90	3	70	0	212	70
91	4	75	0	212	75
92	3	40	-50	212	-10
93	1	100	-250	212	-150
94	4	60	0	212	60
95	4	65	0	212	65
96	4	75	-325	212	-250
97	3	60	0	212	60
98	4	85	0	212	85
99	3	65	-25	212	40
100	4	45	0	212	45
1	2	100	0	222	100
2	3	50	0	222	50
3	4	50	0	222	50
4	1	100	0	222	100
5	2	80	0	222	80
6	1	120	0	222	120
7	3	60	0	222	60
8	4	40	0	222	40
9	2	110	0	222	110
10	1	80	-150	222	-70
11	3	40	-50	222	-10
12	4	45	0	222	45
13	2	120	0	222	120
14	4	45	0	222	45
15	2	90	0	222	90
16	4	55	0	222	55
17	2	100	0	222	100
18	4	60	0	222	60
19	2	90	0	222	90
20	4	40	0	222	40
21	2	120	0	222	120
22	4	55	0	222	55
23	2	110	-1250	222	-1140
24	4	50	0	222	50
25	2	80	0	222	80
26	4	60	-250	222	-190
27	2	110	0	222	110
28	2	100	0	222	100
29	2	90	0	222	90
30	2	130	-1500	222	-1370
31	4	55	0	222	55
32	4	40	0	222	40
33	4	60	0	222	60
34	3	55	0	222	55
35	1	90	0	222	90
36	2	120	0	222	120
37	2	130	0	222	130
38	2	110	0	222	110
39	4	40	0	222	40
40	4	45	0	222	45
41	2	90	0	222	90
42	4	55	0	222	55
43	1	110	-300	222	-190
44	2	100	0	222	100
45	4	65	0	222	65
46	2	120	0	222	120
47	1	100	0	222	100
48	3	55	-50	222	5
49	4	70	0	222	70
50	2	120	-1750	222	-1630
51	1	80	-200	222	-120
52	3	45	0	222	45
53	2	110	0	222	110
54	2	140	0	222	140
55	4	50	0	222	50
56	4	70	-275	222	-205
57	1	120	0	222	120
58	3	50	-50	222	0
59	1	110	-250	222	-140
60	2	130	0	222	130
61	2	100	0	222	100
62	4	60	0	222	60
63	4	55	0	222	55
64	2	110	0	222	110
65	4	65	0	222	65
66	3	45	0	222	45
67	1	90	-350	222	-260
68	2	120	0	222	120
69	4	80	0	222	80
70	3	60	-50	222	10
71	3	40	-50	222	-10
72	3	55	0	222	55
73	3	55	-25	222	30
74	3	65	-75	222	-10
75	2	120	0	222	120
76	3	45	0	222	45
77	3	70	-25	222	45
78	3	40	0	222	40
79	3	50	-25	222	25
80	2	140	0	222	140
81	3	60	-75	222	-15
82	3	70	0	222	70
83	3	40	-50	222	-10
84	3	60	0	222	60
85	3	65	-25	222	40
86	3	55	0	222	55
87	3	80	-50	222	30
88	3	40	-25	222	15
89	3	60	-50	222	10
90	3	55	0	222	55
91	3	65	-25	222	40
92	3	40	-75	222	-35
93	3	80	-50	222	30
94	3	65	-25	222	40
95	3	75	0	222	75
96	3	55	-25	222	30
97	3	60	-25	222	35
98	3	70	-25	222	45
99	3	65	0	222	65
100	3	55	-75	222	-20
1	2	100	0	226	100
2	4	50	0	226	50
3	2	80	0	226	80
4	1	100	0	226	100
5	3	50	0	226	50
6	4	40	0	226	40
7	1	120	0	226	120
8	2	110	0	226	110
9	2	120	0	226	120
10	1	80	-150	226	-70
11	3	60	0	226	60
12	1	90	0	226	90
13	3	40	-50	226	-10
14	4	45	0	226	45
15	1	110	-300	226	-190
16	2	90	0	226	90
17	3	55	0	226	55
18	1	100	0	226	100
19	1	80	-200	226	-120
20	4	45	0	226	45
21	1	120	0	226	120
22	3	55	-50	226	5
23	4	55	0	226	55
24	3	45	0	226	45
25	4	60	0	226	60
26	2	100	0	226	100
27	4	40	0	226	40
28	2	90	0	226	90
29	4	55	0	226	55
30	1	110	-250	226	-140
31	2	120	0	226	120
32	4	50	0	226	50
33	2	110	-1250	226	-1140
34	4	60	-250	226	-190
35	3	50	-50	226	0
36	2	80	0	226	80
37	1	90	-350	226	-260
38	4	55	0	226	55
39	3	45	0	226	45
40	2	110	0	226	110
41	2	100	0	226	100
42	2	90	0	226	90
43	2	130	-1500	226	-1370
44	4	40	0	226	40
45	1	110	0	226	110
46	3	60	-50	226	10
47	4	60	0	226	60
48	2	120	0	226	120
49	2	130	0	226	130
50	2	110	0	226	110
51	2	90	0	226	90
52	2	100	0	226	100
53	2	120	0	226	120
54	2	120	-1750	226	-1630
55	4	40	0	226	40
56	2	110	0	226	110
57	3	40	-50	226	-10
58	1	130	-350	226	-220
59	2	140	0	226	140
60	2	130	0	226	130
61	2	100	0	226	100
62	2	110	0	226	110
63	2	120	0	226	120
64	2	120	0	226	120
65	4	45	0	226	45
66	1	90	0	226	90
67	3	55	0	226	55
68	3	55	-25	226	30
69	2	140	0	226	140
70	2	110	0	226	110
71	2	130	0	226	130
72	2	140	-2000	226	-1860
73	2	120	0	226	120
74	2	110	0	226	110
75	4	55	0	226	55
76	1	100	-250	226	-150
77	2	130	0	226	130
78	2	150	0	226	150
79	3	65	-75	226	-10
80	4	65	0	226	65
81	3	45	0	226	45
82	2	110	0	226	110
83	2	150	0	226	150
84	1	120	-200	226	-80
85	4	70	0	226	70
86	2	120	0	226	120
87	3	70	-25	226	45
88	1	110	0	226	110
89	1	90	-300	226	-210
90	4	50	0	226	50
91	2	140	0	226	140
92	2	140	0	226	140
93	2	150	0	226	150
94	2	130	0	226	130
95	2	120	0	226	120
96	2	140	0	226	140
97	2	160	-2250	226	-2090
98	4	70	-275	226	-205
99	2	120	0	226	120
100	2	160	0	226	160
1	2	100	0	228	100
2	4	50	0	228	50
3	1	100	0	228	100
4	3	50	0	228	50
5	4	40	0	228	40
6	1	120	0	228	120
7	2	80	0	228	80
8	1	80	-150	228	-70
9	3	60	0	228	60
10	4	45	0	228	45
11	1	90	0	228	90
12	3	40	-50	228	-10
13	1	110	-300	228	-190
14	4	45	0	228	45
15	2	110	0	228	110
16	3	55	0	228	55
17	1	100	0	228	100
18	4	55	0	228	55
19	2	120	0	228	120
20	3	55	-50	228	5
21	1	80	-200	228	-120
22	2	90	0	228	90
23	4	60	0	228	60
24	1	120	0	228	120
25	3	45	0	228	45
26	1	110	-250	228	-140
27	4	40	0	228	40
28	2	100	0	228	100
29	3	50	-50	228	0
30	1	90	-350	228	-260
31	4	55	0	228	55
32	3	45	0	228	45
33	1	110	0	228	110
34	2	90	0	228	90
35	4	50	0	228	50
36	3	60	-50	228	10
37	1	130	-350	228	-220
38	4	60	-250	228	-190
39	1	90	0	228	90
40	2	120	0	228	120
41	4	55	0	228	55
42	3	40	-50	228	-10
43	1	100	-250	228	-150
44	3	55	0	228	55
45	1	120	-200	228	-80
46	2	110	-1250	228	-1140
47	4	40	0	228	40
48	1	110	0	228	110
49	2	80	0	228	80
50	3	55	-25	228	30
51	2	110	0	228	110
52	1	90	-300	228	-210
53	4	60	0	228	60
54	3	65	-75	228	-10
55	1	130	-150	228	-20
56	2	100	0	228	100
57	4	40	0	228	40
58	3	45	0	228	45
59	1	120	-250	228	-130
60	2	90	0	228	90
61	3	70	-25	228	45
62	4	45	0	228	45
63	1	100	0	228	100
64	3	40	0	228	40
65	2	130	-1500	228	-1370
66	1	120	-250	228	-130
67	4	55	0	228	55
68	1	140	-300	228	-160
69	3	50	-25	228	25
70	2	120	0	228	120
71	4	65	0	228	65
72	1	110	0	228	110
73	3	60	-75	228	-15
74	2	130	0	228	130
75	1	110	-350	228	-240
76	2	110	0	228	110
77	4	70	0	228	70
78	3	70	0	228	70
79	1	100	0	228	100
80	1	120	-200	228	-80
81	2	90	0	228	90
82	1	130	-250	228	-120
83	4	50	0	228	50
84	2	100	0	228	100
85	1	110	-150	228	-40
86	3	40	-50	228	-10
87	2	120	0	228	120
88	4	70	-275	228	-205
89	1	140	-250	228	-110
90	3	60	0	228	60
91	2	120	-1750	228	-1630
92	4	60	0	228	60
93	1	120	0	228	120
94	3	65	-25	228	40
95	2	110	0	228	110
96	4	55	0	228	55
97	2	140	0	228	140
98	3	55	0	228	55
99	1	130	-350	228	-220
100	2	130	0	228	130
1	1	100	0	229	100
2	1	120	0	229	120
3	2	100	0	229	100
4	2	80	0	229	80
5	3	50	0	229	50
6	3	60	0	229	60
7	4	50	0	229	50
8	4	40	0	229	40
9	1	80	-150	229	-70
10	3	40	-50	229	-10
11	1	90	0	229	90
12	4	45	0	229	45
13	3	55	0	229	55
14	2	110	0	229	110
15	2	120	0	229	120
16	1	110	-300	229	-190
17	1	100	0	229	100
18	2	90	0	229	90
19	2	100	0	229	100
20	3	55	-50	229	5
21	3	45	0	229	45
22	4	45	0	229	45
23	4	55	0	229	55
24	1	80	-200	229	-120
25	1	120	0	229	120
26	4	60	0	229	60
27	4	40	0	229	40
28	2	90	0	229	90
29	2	120	0	229	120
30	3	50	-50	229	0
31	3	45	0	229	45
32	1	110	-250	229	-140
33	1	90	-350	229	-260
34	1	110	0	229	110
35	1	130	-350	229	-220
36	4	55	0	229	55
37	1	90	0	229	90
38	4	50	0	229	50
39	2	110	-1250	229	-1140
40	2	80	0	229	80
41	3	60	-50	229	10
42	3	40	-50	229	-10
43	1	100	-250	229	-150
44	1	120	-200	229	-80
45	2	110	0	229	110
46	1	110	0	229	110
47	4	60	-250	229	-190
48	4	55	0	229	55
49	3	55	0	229	55
50	4	40	0	229	40
51	3	55	-25	229	30
52	2	100	0	229	100
53	1	90	-300	229	-210
54	1	130	-150	229	-20
55	2	90	0	229	90
56	1	120	-250	229	-130
57	4	60	0	229	60
58	2	130	-1500	229	-1370
59	2	120	0	229	120
60	1	100	0	229	100
61	3	65	-75	229	-10
62	1	120	-250	229	-130
63	1	140	-300	229	-160
64	1	110	0	229	110
65	2	130	0	229	130
66	3	45	0	229	45
67	4	40	0	229	40
68	4	45	0	229	45
69	3	70	-25	229	45
70	2	110	0	229	110
71	1	110	-350	229	-240
72	1	100	0	229	100
73	2	90	0	229	90
74	3	40	0	229	40
75	4	55	0	229	55
76	4	65	0	229	65
77	3	50	-25	229	25
78	2	100	0	229	100
79	1	120	-200	229	-80
80	1	130	-250	229	-120
81	1	110	-150	229	-40
82	4	70	0	229	70
83	3	60	-75	229	-15
84	1	140	-250	229	-110
85	2	120	0	229	120
86	4	50	0	229	50
87	1	120	0	229	120
88	3	70	0	229	70
89	4	70	-275	229	-205
90	2	120	-1750	229	-1630
91	1	130	-350	229	-220
92	4	60	0	229	60
93	3	40	-50	229	-10
94	3	60	0	229	60
95	2	110	0	229	110
96	1	120	-200	229	-80
97	2	140	0	229	140
98	1	140	-250	229	-110
99	3	65	-25	229	40
100	4	55	0	229	55
1	3	50	0	241	50
2	3	60	0	241	60
3	3	40	-50	241	-10
4	1	100	0	241	100
5	1	120	0	241	120
6	2	100	0	241	100
7	4	50	0	241	50
8	2	80	0	241	80
9	3	55	0	241	55
10	1	80	-150	241	-70
11	1	90	0	241	90
12	1	110	-300	241	-190
13	2	110	0	241	110
14	3	55	-50	241	5
15	2	120	0	241	120
16	4	40	0	241	40
17	1	100	0	241	100
18	3	45	0	241	45
19	2	90	0	241	90
20	1	80	-200	241	-120
21	2	100	0	241	100
22	4	45	0	241	45
23	1	120	0	241	120
24	3	50	-50	241	0
25	1	110	-250	241	-140
26	2	90	0	241	90
27	2	120	0	241	120
28	4	45	0	241	45
29	3	45	0	241	45
30	4	55	0	241	55
31	3	60	-50	241	10
32	2	110	-1250	241	-1140
33	2	80	0	241	80
34	3	40	-50	241	-10
35	1	90	-350	241	-260
36	2	110	0	241	110
37	2	100	0	241	100
38	4	60	0	241	60
39	3	55	0	241	55
40	4	40	0	241	40
41	3	55	-25	241	30
42	2	90	0	241	90
43	2	130	-1500	241	-1370
44	2	120	0	241	120
45	4	55	0	241	55
46	3	65	-75	241	-10
47	4	50	0	241	50
48	3	45	0	241	45
49	4	60	-250	241	-190
50	2	130	0	241	130
51	2	110	0	241	110
52	3	70	-25	241	45
53	1	110	0	241	110
54	2	90	0	241	90
55	4	55	0	241	55
56	3	40	0	241	40
57	4	40	0	241	40
58	3	50	-25	241	25
59	4	60	0	241	60
60	3	60	-75	241	-15
61	4	40	0	241	40
62	3	70	0	241	70
63	4	45	0	241	45
64	3	40	-50	241	-10
65	2	100	0	241	100
66	4	55	0	241	55
67	3	60	0	241	60
68	3	65	-25	241	40
69	4	65	0	241	65
70	3	55	0	241	55
71	2	120	0	241	120
72	4	70	0	241	70
73	3	80	-50	241	30
74	3	40	-25	241	15
75	3	60	-50	241	10
76	3	55	0	241	55
77	3	65	-25	241	40
78	3	40	-75	241	-35
79	4	50	0	241	50
80	4	70	-275	241	-205
81	3	80	-50	241	30
82	3	65	-25	241	40
83	3	75	0	241	75
84	3	55	-25	241	30
85	4	60	0	241	60
86	3	60	-25	241	35
87	3	70	-25	241	45
88	3	65	0	241	65
89	3	55	-75	241	-20
90	3	75	-25	241	50
91	3	45	-50	241	-5
92	4	55	0	241	55
93	3	85	-75	241	10
94	4	65	0	241	65
95	3	70	-25	241	45
96	4	80	0	241	80
97	3	80	0	241	80
98	4	40	0	241	40
99	3	60	-25	241	35
100	4	80	0	241	80
1	2	100	0	243	100
2	2	80	0	243	80
3	3	50	0	243	50
4	1	100	0	243	100
5	1	120	0	243	120
6	1	80	-150	243	-70
7	4	50	0	243	50
8	4	40	0	243	40
9	3	60	0	243	60
10	3	40	-50	243	-10
11	2	110	0	243	110
12	2	120	0	243	120
13	2	90	0	243	90
14	2	100	0	243	100
15	2	90	0	243	90
16	1	90	0	243	90
17	1	110	-300	243	-190
18	2	120	0	243	120
19	2	110	-1250	243	-1140
20	3	55	0	243	55
21	4	45	0	243	45
22	3	55	-50	243	5
23	4	45	0	243	45
24	4	55	0	243	55
25	4	60	0	243	60
26	2	80	0	243	80
27	1	100	0	243	100
28	4	40	0	243	40
29	2	110	0	243	110
30	1	80	-200	243	-120
31	2	100	0	243	100
32	4	55	0	243	55
33	4	50	0	243	50
34	4	60	-250	243	-190
35	3	45	0	243	45
36	2	90	0	243	90
37	3	50	-50	243	0
38	1	120	0	243	120
39	2	130	-1500	243	-1370
40	3	45	0	243	45
41	4	55	0	243	55
42	2	120	0	243	120
43	1	110	-250	243	-140
44	3	60	-50	243	10
45	4	40	0	243	40
46	3	40	-50	243	-10
47	4	60	0	243	60
48	2	130	0	243	130
49	1	90	-350	243	-260
50	4	40	0	243	40
51	4	45	0	243	45
52	3	55	0	243	55
53	3	55	-25	243	30
54	2	110	0	243	110
55	4	55	0	243	55
56	1	110	0	243	110
57	3	65	-75	243	-10
58	4	65	0	243	65
59	2	90	0	243	90
60	4	70	0	243	70
61	1	130	-350	243	-220
62	4	50	0	243	50
63	1	90	0	243	90
64	3	45	0	243	45
65	2	100	0	243	100
66	2	120	0	243	120
67	3	70	-25	243	45
68	3	40	0	243	40
69	3	50	-25	243	25
70	3	60	-75	243	-15
71	1	100	-250	243	-150
72	2	120	-1750	243	-1630
73	4	70	-275	243	-205
74	4	60	0	243	60
75	2	110	0	243	110
76	2	140	0	243	140
77	2	130	0	243	130
78	1	120	-200	243	-80
79	1	110	0	243	110
80	1	90	-300	243	-210
81	2	100	0	243	100
82	2	110	0	243	110
83	3	70	0	243	70
84	4	55	0	243	55
85	4	65	0	243	65
86	3	40	-50	243	-10
87	4	80	0	243	80
88	1	130	-150	243	-20
89	2	120	0	243	120
90	2	120	0	243	120
91	4	40	0	243	40
92	3	60	0	243	60
93	2	140	0	243	140
94	1	120	-250	243	-130
95	2	110	0	243	110
96	2	130	0	243	130
97	2	140	-2000	243	-1860
98	2	120	0	243	120
99	3	65	-25	243	40
100	2	110	0	243	110
1	2	100	0	246	100
2	4	50	0	246	50
3	1	100	0	246	100
4	2	80	0	246	80
5	3	50	0	246	50
6	1	120	0	246	120
7	3	60	0	246	60
8	4	40	0	246	40
9	1	80	-150	246	-70
10	2	110	0	246	110
11	3	40	-50	246	-10
12	4	45	0	246	45
13	1	90	0	246	90
14	3	55	0	246	55
15	2	120	0	246	120
16	1	110	-300	246	-190
17	4	45	0	246	45
18	3	55	-50	246	5
19	2	90	0	246	90
20	4	55	0	246	55
21	1	100	0	246	100
22	3	45	0	246	45
23	2	100	0	246	100
24	1	80	-200	246	-120
25	4	60	0	246	60
26	2	90	0	246	90
27	4	40	0	246	40
28	3	50	-50	246	0
29	1	120	0	246	120
30	4	55	0	246	55
31	2	120	0	246	120
32	3	45	0	246	45
33	2	110	-1250	246	-1140
34	1	110	-250	246	-140
35	1	90	-350	246	-260
36	2	80	0	246	80
37	4	50	0	246	50
38	3	60	-50	246	10
39	2	110	0	246	110
40	2	100	0	246	100
41	2	90	0	246	90
42	2	130	-1500	246	-1370
43	1	110	0	246	110
44	1	130	-350	246	-220
45	3	40	-50	246	-10
46	4	60	-250	246	-190
47	1	90	0	246	90
48	1	100	-250	246	-150
49	2	120	0	246	120
50	3	55	0	246	55
51	3	55	-25	246	30
52	4	55	0	246	55
53	4	40	0	246	40
54	3	65	-75	246	-10
55	2	130	0	246	130
56	1	120	-200	246	-80
57	2	110	0	246	110
58	2	90	0	246	90
59	2	100	0	246	100
60	2	120	0	246	120
61	4	60	0	246	60
62	2	120	-1750	246	-1630
63	3	45	0	246	45
64	1	110	0	246	110
65	4	40	0	246	40
66	4	45	0	246	45
67	4	55	0	246	55
68	4	65	0	246	65
69	1	90	-300	246	-210
70	2	110	0	246	110
71	2	140	0	246	140
72	3	70	-25	246	45
73	4	70	0	246	70
74	4	50	0	246	50
75	2	130	0	246	130
76	2	100	0	246	100
77	4	70	-275	246	-205
78	3	40	0	246	40
79	1	130	-150	246	-20
80	2	110	0	246	110
81	2	120	0	246	120
82	4	60	0	246	60
83	2	120	0	246	120
84	4	55	0	246	55
85	2	140	0	246	140
86	4	65	0	246	65
87	2	110	0	246	110
88	4	80	0	246	80
89	2	130	0	246	130
90	2	140	-2000	246	-1860
91	4	40	0	246	40
92	4	80	0	246	80
93	1	120	-250	246	-130
94	3	50	-25	246	25
95	2	120	0	246	120
96	4	40	0	246	40
97	4	65	0	246	65
98	2	110	0	246	110
99	2	130	0	246	130
100	4	55	-300	246	-245
1	2	100	0	251	100
2	3	50	0	251	50
3	4	50	0	251	50
4	2	80	0	251	80
5	3	60	0	251	60
6	3	40	-50	251	-10
7	1	100	0	251	100
8	2	110	0	251	110
9	4	40	0	251	40
10	3	55	0	251	55
11	4	45	0	251	45
12	1	120	0	251	120
13	2	120	0	251	120
14	3	55	-50	251	5
15	4	45	0	251	45
16	2	90	0	251	90
17	1	80	-150	251	-70
18	3	45	0	251	45
19	4	55	0	251	55
20	2	100	0	251	100
21	1	90	0	251	90
22	2	90	0	251	90
23	3	50	-50	251	0
24	4	60	0	251	60
25	3	45	0	251	45
26	1	110	-300	251	-190
27	4	40	0	251	40
28	1	100	0	251	100
29	2	120	0	251	120
30	3	60	-50	251	10
31	1	80	-200	251	-120
32	4	55	0	251	55
33	3	40	-50	251	-10
34	2	110	-1250	251	-1140
35	4	50	0	251	50
36	1	120	0	251	120
37	2	80	0	251	80
38	4	60	-250	251	-190
39	3	55	0	251	55
40	4	55	0	251	55
41	2	110	0	251	110
42	3	55	-25	251	30
43	4	40	0	251	40
44	4	60	0	251	60
45	3	65	-75	251	-10
46	2	100	0	251	100
47	1	110	-250	251	-140
48	2	90	0	251	90
49	3	45	0	251	45
50	4	40	0	251	40
51	2	130	-1500	251	-1370
52	3	70	-25	251	45
53	4	45	0	251	45
54	3	40	0	251	40
55	2	120	0	251	120
56	1	90	-350	251	-260
57	2	130	0	251	130
58	3	50	-25	251	25
59	4	55	0	251	55
60	4	65	0	251	65
61	3	60	-75	251	-15
62	2	110	0	251	110
63	3	70	0	251	70
64	4	70	0	251	70
65	3	40	-50	251	-10
66	2	90	0	251	90
67	3	60	0	251	60
68	4	50	0	251	50
69	3	65	-25	251	40
70	2	100	0	251	100
71	3	55	0	251	55
72	4	70	-275	251	-205
73	3	80	-50	251	30
74	2	120	0	251	120
75	3	40	-25	251	15
76	4	60	0	251	60
77	3	60	-50	251	10
78	2	120	-1750	251	-1630
79	3	55	0	251	55
80	1	110	0	251	110
81	2	110	0	251	110
82	3	65	-25	251	40
83	4	55	0	251	55
84	3	40	-75	251	-35
85	2	140	0	251	140
86	1	130	-350	251	-220
87	2	130	0	251	130
88	3	80	-50	251	30
89	4	65	0	251	65
90	3	65	-25	251	40
91	2	100	0	251	100
92	1	90	0	251	90
93	2	110	0	251	110
94	3	75	0	251	75
95	4	80	0	251	80
96	1	100	-250	251	-150
97	2	120	0	251	120
98	3	55	-25	251	30
99	1	120	-200	251	-80
100	2	120	0	251	120
1	4	50	0	271	50
2	3	50	0	271	50
3	2	100	0	271	100
4	1	100	0	271	100
5	1	120	0	271	120
6	2	80	0	271	80
7	3	60	0	271	60
8	4	40	0	271	40
9	4	45	0	271	45
10	3	40	-50	271	-10
11	2	110	0	271	110
12	1	80	-150	271	-70
13	2	120	0	271	120
14	4	45	0	271	45
15	2	90	0	271	90
16	4	55	0	271	55
17	2	100	0	271	100
18	4	60	0	271	60
19	2	90	0	271	90
20	3	55	0	271	55
21	2	120	0	271	120
22	1	90	0	271	90
23	2	110	-1250	271	-1140
24	4	40	0	271	40
25	4	55	0	271	55
26	4	50	0	271	50
27	4	60	-250	271	-190
28	2	80	0	271	80
29	4	55	0	271	55
30	3	55	-50	271	5
31	4	40	0	271	40
32	2	110	0	271	110
33	4	60	0	271	60
34	1	110	-300	271	-190
35	2	100	0	271	100
36	4	40	0	271	40
37	2	90	0	271	90
38	4	45	0	271	45
39	2	130	-1500	271	-1370
40	4	55	0	271	55
41	4	65	0	271	65
42	4	70	0	271	70
43	4	50	0	271	50
44	4	70	-275	271	-205
45	2	120	0	271	120
46	2	130	0	271	130
47	2	110	0	271	110
48	4	60	0	271	60
49	2	90	0	271	90
50	4	55	0	271	55
51	2	100	0	271	100
52	4	65	0	271	65
53	4	80	0	271	80
54	4	40	0	271	40
55	2	120	0	271	120
56	4	80	0	271	80
57	3	45	0	271	45
58	2	120	-1750	271	-1630
59	4	40	0	271	40
60	4	65	0	271	65
61	4	55	-300	271	-245
62	4	60	0	271	60
63	2	110	0	271	110
64	2	140	0	271	140
65	2	130	0	271	130
66	2	100	0	271	100
67	4	65	0	271	65
68	2	110	0	271	110
69	4	75	0	271	75
70	2	120	0	271	120
71	4	60	0	271	60
72	4	65	0	271	65
73	4	75	-325	271	-250
74	4	85	0	271	85
75	4	45	0	271	45
76	4	55	0	271	55
77	3	50	-50	271	0
78	1	100	0	271	100
79	4	70	0	271	70
80	4	55	0	271	55
81	4	70	0	271	70
82	4	80	0	271	80
83	4	65	0	271	65
84	4	70	0	271	70
85	4	80	-350	271	-270
86	2	120	0	271	120
87	2	140	0	271	140
88	4	90	0	271	90
89	4	50	0	271	50
90	4	60	0	271	60
91	2	110	0	271	110
92	4	75	0	271	75
93	4	60	0	271	60
94	4	75	0	271	75
95	4	85	0	271	85
96	2	130	0	271	130
97	4	70	0	271	70
98	4	75	0	271	75
99	4	85	0	271	85
100	2	140	-2000	271	-1860
1	3	50	0	272	50
2	1	100	0	272	100
3	2	100	0	272	100
4	4	50	0	272	50
5	2	80	0	272	80
6	1	120	0	272	120
7	2	110	0	272	110
8	4	40	0	272	40
9	4	45	0	272	45
10	3	60	0	272	60
11	3	40	-50	272	-10
12	3	55	0	272	55
13	2	120	0	272	120
14	1	80	-150	272	-70
15	3	55	-50	272	5
16	3	45	0	272	45
17	2	90	0	272	90
18	1	90	0	272	90
19	3	50	-50	272	0
20	3	45	0	272	45
21	4	45	0	272	45
22	2	100	0	272	100
23	2	90	0	272	90
24	1	110	-300	272	-190
25	3	60	-50	272	10
26	2	120	0	272	120
27	1	100	0	272	100
28	4	55	0	272	55
29	2	110	-1250	272	-1140
30	3	40	-50	272	-10
31	1	80	-200	272	-120
32	4	60	0	272	60
33	3	55	0	272	55
34	1	120	0	272	120
35	2	80	0	272	80
36	4	40	0	272	40
37	4	55	0	272	55
38	2	110	0	272	110
39	2	100	0	272	100
40	2	90	0	272	90
41	1	110	-250	272	-140
42	1	90	-350	272	-260
43	1	110	0	272	110
44	3	55	-25	272	30
45	3	65	-75	272	-10
46	3	45	0	272	45
47	1	130	-350	272	-220
48	2	130	-1500	272	-1370
49	1	90	0	272	90
50	4	50	0	272	50
51	3	70	-25	272	45
52	3	40	0	272	40
53	4	60	-250	272	-190
54	2	120	0	272	120
55	4	55	0	272	55
56	4	40	0	272	40
57	4	60	0	272	60
58	1	100	-250	272	-150
59	1	120	-200	272	-80
60	1	110	0	272	110
61	3	50	-25	272	25
62	1	90	-300	272	-210
63	1	130	-150	272	-20
64	1	120	-250	272	-130
65	1	100	0	272	100
66	4	40	0	272	40
67	2	130	0	272	130
68	1	120	-250	272	-130
69	1	140	-300	272	-160
70	1	110	0	272	110
71	4	45	0	272	45
72	3	60	-75	272	-15
73	4	55	0	272	55
74	3	70	0	272	70
75	2	110	0	272	110
76	2	90	0	272	90
77	4	65	0	272	65
78	2	100	0	272	100
79	1	110	-350	272	-240
80	1	100	0	272	100
81	4	70	0	272	70
82	1	120	-200	272	-80
83	1	130	-250	272	-120
84	2	120	0	272	120
85	1	110	-150	272	-40
86	4	50	0	272	50
87	4	70	-275	272	-205
88	1	140	-250	272	-110
89	2	120	-1750	272	-1630
90	1	120	0	272	120
91	4	60	0	272	60
92	1	130	-350	272	-220
93	1	120	-200	272	-80
94	1	140	-250	272	-110
95	4	55	0	272	55
96	4	65	0	272	65
97	2	110	0	272	110
98	1	130	-250	272	-120
99	1	110	-150	272	-40
100	3	40	-50	272	-10
1	1	100	0	274	100
2	1	120	0	274	120
3	1	80	-150	274	-70
4	1	90	0	274	90
5	1	110	-300	274	-190
6	1	100	0	274	100
7	2	100	0	274	100
8	2	80	0	274	80
9	2	110	0	274	110
10	2	120	0	274	120
11	2	90	0	274	90
12	2	100	0	274	100
13	2	90	0	274	90
14	2	120	0	274	120
15	2	110	-1250	274	-1140
16	3	50	0	274	50
17	3	60	0	274	60
18	4	50	0	274	50
19	4	40	0	274	40
20	4	45	0	274	45
21	3	40	-50	274	-10
22	4	45	0	274	45
23	1	80	-200	274	-120
24	2	80	0	274	80
25	1	120	0	274	120
26	1	110	-250	274	-140
27	4	55	0	274	55
28	3	55	0	274	55
29	4	60	0	274	60
30	3	55	-50	274	5
31	4	40	0	274	40
32	2	110	0	274	110
33	3	45	0	274	45
34	4	55	0	274	55
35	1	90	-350	274	-260
36	3	50	-50	274	0
37	4	50	0	274	50
38	3	45	0	274	45
39	4	60	-250	274	-190
40	3	60	-50	274	10
41	4	55	0	274	55
42	3	40	-50	274	-10
43	4	40	0	274	40
44	4	60	0	274	60
45	4	40	0	274	40
46	2	100	0	274	100
47	4	45	0	274	45
48	3	55	0	274	55
49	3	55	-25	274	30
50	4	55	0	274	55
51	2	90	0	274	90
52	4	65	0	274	65
53	3	65	-75	274	-10
54	4	70	0	274	70
55	3	45	0	274	45
56	4	50	0	274	50
57	3	70	-25	274	45
58	4	70	-275	274	-205
59	3	40	0	274	40
60	2	130	-1500	274	-1370
61	3	50	-25	274	25
62	3	60	-75	274	-15
63	1	110	0	274	110
64	1	130	-350	274	-220
65	1	90	0	274	90
66	1	100	-250	274	-150
67	3	70	0	274	70
68	4	60	0	274	60
69	2	120	0	274	120
70	2	130	0	274	130
71	3	40	-50	274	-10
72	4	55	0	274	55
73	3	60	0	274	60
74	4	65	0	274	65
75	1	120	-200	274	-80
76	2	110	0	274	110
77	3	65	-25	274	40
78	4	80	0	274	80
79	4	40	0	274	40
80	3	55	0	274	55
81	3	80	-50	274	30
82	3	40	-25	274	15
83	4	80	0	274	80
84	3	60	-50	274	10
85	4	40	0	274	40
86	1	110	0	274	110
87	3	55	0	274	55
88	4	65	0	274	65
89	3	65	-25	274	40
90	4	55	-300	274	-245
91	3	40	-75	274	-35
92	4	60	0	274	60
93	3	80	-50	274	30
94	4	65	0	274	65
95	3	65	-25	274	40
96	3	75	0	274	75
97	3	55	-25	274	30
98	1	90	-300	274	-210
99	2	90	0	274	90
100	3	60	-25	274	35
1	2	100	0	279	100
2	4	50	0	279	50
3	1	100	0	279	100
4	2	80	0	279	80
5	4	40	0	279	40
6	1	120	0	279	120
7	3	50	0	279	50
8	3	60	0	279	60
9	1	80	-150	279	-70
10	4	45	0	279	45
11	3	40	-50	279	-10
12	1	90	0	279	90
13	4	45	0	279	45
14	2	110	0	279	110
15	1	110	-300	279	-190
16	4	55	0	279	55
17	1	100	0	279	100
18	3	55	0	279	55
19	4	60	0	279	60
20	1	80	-200	279	-120
21	3	55	-50	279	5
22	1	120	0	279	120
23	4	40	0	279	40
24	3	45	0	279	45
25	2	120	0	279	120
26	2	90	0	279	90
27	3	50	-50	279	0
28	4	55	0	279	55
29	1	110	-250	279	-140
30	3	45	0	279	45
31	2	100	0	279	100
32	4	50	0	279	50
33	2	90	0	279	90
34	3	60	-50	279	10
35	1	90	-350	279	-260
36	4	60	-250	279	-190
37	2	120	0	279	120
38	3	40	-50	279	-10
39	4	55	0	279	55
40	2	110	-1250	279	-1140
41	3	55	0	279	55
42	2	80	0	279	80
43	4	40	0	279	40
44	3	55	-25	279	30
45	2	110	0	279	110
46	2	100	0	279	100
47	3	65	-75	279	-10
48	1	110	0	279	110
49	4	60	0	279	60
50	3	45	0	279	45
51	1	130	-350	279	-220
52	2	90	0	279	90
53	3	70	-25	279	45
54	4	40	0	279	40
55	1	90	0	279	90
56	2	130	-1500	279	-1370
57	4	45	0	279	45
58	1	100	-250	279	-150
59	3	40	0	279	40
60	1	120	-200	279	-80
61	4	55	0	279	55
62	3	50	-25	279	25
63	2	120	0	279	120
64	4	65	0	279	65
65	1	110	0	279	110
66	3	60	-75	279	-15
67	2	130	0	279	130
68	4	70	0	279	70
69	1	90	-300	279	-210
70	3	70	0	279	70
71	4	50	0	279	50
72	1	130	-150	279	-20
73	3	40	-50	279	-10
74	2	110	0	279	110
75	2	90	0	279	90
76	4	70	-275	279	-205
77	1	120	-250	279	-130
78	3	60	0	279	60
79	2	100	0	279	100
80	4	60	0	279	60
81	1	100	0	279	100
82	3	65	-25	279	40
83	4	55	0	279	55
84	3	55	0	279	55
85	1	120	-250	279	-130
86	4	65	0	279	65
87	1	140	-300	279	-160
88	3	80	-50	279	30
89	1	110	0	279	110
90	1	110	-350	279	-240
91	3	40	-25	279	15
92	4	80	0	279	80
93	2	120	0	279	120
94	3	60	-50	279	10
95	2	120	-1750	279	-1630
96	4	40	0	279	40
97	1	100	0	279	100
98	3	55	0	279	55
99	2	110	0	279	110
100	4	80	0	279	80
1	2	100	0	280	100
2	4	50	0	280	50
3	3	50	0	280	50
4	2	80	0	280	80
5	1	100	0	280	100
6	1	120	0	280	120
7	1	80	-150	280	-70
8	2	110	0	280	110
9	3	60	0	280	60
10	4	40	0	280	40
11	1	90	0	280	90
12	1	110	-300	280	-190
13	2	120	0	280	120
14	3	40	-50	280	-10
15	4	45	0	280	45
16	1	100	0	280	100
17	2	90	0	280	90
18	1	80	-200	280	-120
19	2	100	0	280	100
20	3	55	0	280	55
21	2	90	0	280	90
22	2	120	0	280	120
23	4	45	0	280	45
24	4	55	0	280	55
25	3	55	-50	280	5
26	2	110	-1250	280	-1140
27	3	45	0	280	45
28	4	60	0	280	60
29	2	80	0	280	80
30	1	120	0	280	120
31	2	110	0	280	110
32	3	50	-50	280	0
33	3	45	0	280	45
34	3	60	-50	280	10
35	4	40	0	280	40
36	4	55	0	280	55
37	4	50	0	280	50
38	4	60	-250	280	-190
39	1	110	-250	280	-140
40	1	90	-350	280	-260
41	2	100	0	280	100
42	3	40	-50	280	-10
43	2	90	0	280	90
44	3	55	0	280	55
45	2	130	-1500	280	-1370
46	1	110	0	280	110
47	2	120	0	280	120
48	3	55	-25	280	30
49	4	55	0	280	55
50	3	65	-75	280	-10
51	2	130	0	280	130
52	4	40	0	280	40
53	3	45	0	280	45
54	2	110	0	280	110
55	1	130	-350	280	-220
56	4	60	0	280	60
57	3	70	-25	280	45
58	3	40	0	280	40
59	2	90	0	280	90
60	4	40	0	280	40
61	3	50	-25	280	25
62	3	60	-75	280	-15
63	3	70	0	280	70
64	4	45	0	280	45
65	4	55	0	280	55
66	2	100	0	280	100
67	3	40	-50	280	-10
68	4	65	0	280	65
69	2	120	0	280	120
70	4	70	0	280	70
71	4	50	0	280	50
72	3	60	0	280	60
73	4	70	-275	280	-205
74	4	60	0	280	60
75	3	65	-25	280	40
76	3	55	0	280	55
77	3	80	-50	280	30
78	3	40	-25	280	15
79	3	60	-50	280	10
80	3	55	0	280	55
81	4	55	0	280	55
82	2	120	-1750	280	-1630
83	2	110	0	280	110
84	3	65	-25	280	40
85	1	90	0	280	90
86	1	100	-250	280	-150
87	3	40	-75	280	-35
88	4	65	0	280	65
89	4	80	0	280	80
90	3	80	-50	280	30
91	4	40	0	280	40
92	3	65	-25	280	40
93	1	120	-200	280	-80
94	2	140	0	280	140
95	3	75	0	280	75
96	4	80	0	280	80
97	2	130	0	280	130
98	3	55	-25	280	30
99	4	40	0	280	40
100	4	65	0	280	65
1	1	100	0	284	100
2	1	120	0	284	120
3	1	80	-150	284	-70
4	2	100	0	284	100
5	3	50	0	284	50
6	2	80	0	284	80
7	4	50	0	284	50
8	4	40	0	284	40
9	1	90	0	284	90
10	3	60	0	284	60
11	3	40	-50	284	-10
12	4	45	0	284	45
13	1	110	-300	284	-190
14	1	100	0	284	100
15	2	110	0	284	110
16	3	55	0	284	55
17	4	45	0	284	45
18	1	80	-200	284	-120
19	2	120	0	284	120
20	2	90	0	284	90
21	3	55	-50	284	5
22	3	45	0	284	45
23	3	50	-50	284	0
24	4	55	0	284	55
25	1	120	0	284	120
26	1	110	-250	284	-140
27	2	100	0	284	100
28	4	60	0	284	60
29	3	45	0	284	45
30	2	90	0	284	90
31	3	60	-50	284	10
32	1	90	-350	284	-260
33	4	40	0	284	40
34	3	40	-50	284	-10
35	4	55	0	284	55
36	4	50	0	284	50
37	1	110	0	284	110
38	2	120	0	284	120
39	1	130	-350	284	-220
40	2	110	-1250	284	-1140
41	4	60	-250	284	-190
42	4	55	0	284	55
43	3	55	0	284	55
44	2	80	0	284	80
45	1	90	0	284	90
46	2	110	0	284	110
47	4	40	0	284	40
48	3	55	-25	284	30
49	1	100	-250	284	-150
50	2	100	0	284	100
51	2	90	0	284	90
52	3	65	-75	284	-10
53	4	60	0	284	60
54	4	40	0	284	40
55	4	45	0	284	45
56	4	55	0	284	55
57	4	65	0	284	65
58	4	70	0	284	70
59	4	50	0	284	50
60	4	70	-275	284	-205
61	3	45	0	284	45
62	2	130	-1500	284	-1370
63	1	120	-200	284	-80
64	2	120	0	284	120
65	1	110	0	284	110
66	1	90	-300	284	-210
67	4	60	0	284	60
68	4	55	0	284	55
69	3	70	-25	284	45
70	1	130	-150	284	-20
71	2	130	0	284	130
72	2	110	0	284	110
73	1	120	-250	284	-130
74	3	40	0	284	40
75	4	65	0	284	65
76	3	50	-25	284	25
77	4	80	0	284	80
78	1	100	0	284	100
79	3	60	-75	284	-15
80	4	40	0	284	40
81	4	80	0	284	80
82	4	40	0	284	40
83	2	90	0	284	90
84	1	120	-250	284	-130
85	4	65	0	284	65
86	1	140	-300	284	-160
87	1	110	0	284	110
88	2	100	0	284	100
89	3	70	0	284	70
90	3	40	-50	284	-10
91	4	55	-300	284	-245
92	3	60	0	284	60
93	2	120	0	284	120
94	1	110	-350	284	-240
95	4	60	0	284	60
96	3	65	-25	284	40
97	4	65	0	284	65
98	4	75	0	284	75
99	4	60	0	284	60
100	3	55	0	284	55
1	3	50	0	315	50
2	2	100	0	315	100
3	2	80	0	315	80
4	2	110	0	315	110
5	2	120	0	315	120
6	2	90	0	315	90
7	2	100	0	315	100
8	2	90	0	315	90
9	4	50	0	315	50
10	2	120	0	315	120
11	2	110	-1250	315	-1140
12	3	60	0	315	60
13	3	40	-50	315	-10
14	1	100	0	315	100
15	4	40	0	315	40
16	2	80	0	315	80
17	3	55	0	315	55
18	1	120	0	315	120
19	4	45	0	315	45
20	3	55	-50	315	5
21	1	80	-150	315	-70
22	4	45	0	315	45
23	4	55	0	315	55
24	4	60	0	315	60
25	4	40	0	315	40
26	4	55	0	315	55
27	4	50	0	315	50
28	4	60	-250	315	-190
29	3	45	0	315	45
30	3	50	-50	315	0
31	1	90	0	315	90
32	1	110	-300	315	-190
33	4	55	0	315	55
34	4	40	0	315	40
35	4	60	0	315	60
36	4	40	0	315	40
37	4	45	0	315	45
38	4	55	0	315	55
39	4	65	0	315	65
40	4	70	0	315	70
41	4	50	0	315	50
42	4	70	-275	315	-205
43	4	60	0	315	60
44	4	55	0	315	55
45	4	65	0	315	65
46	4	80	0	315	80
47	4	40	0	315	40
48	4	80	0	315	80
49	4	40	0	315	40
50	4	65	0	315	65
51	4	55	-300	315	-245
52	3	45	0	315	45
53	2	110	0	315	110
54	2	100	0	315	100
55	2	90	0	315	90
56	2	130	-1500	315	-1370
57	2	120	0	315	120
58	2	130	0	315	130
59	3	60	-50	315	10
60	2	110	0	315	110
61	2	90	0	315	90
62	2	100	0	315	100
63	2	120	0	315	120
64	3	40	-50	315	-10
65	2	120	-1750	315	-1630
66	1	100	0	315	100
67	1	80	-200	315	-120
68	4	60	0	315	60
69	4	65	0	315	65
70	2	110	0	315	110
71	2	140	0	315	140
72	3	55	0	315	55
73	1	120	0	315	120
74	1	110	-250	315	-140
75	2	130	0	315	130
76	2	100	0	315	100
77	4	75	0	315	75
78	4	60	0	315	60
79	4	65	0	315	65
80	4	75	-325	315	-250
81	3	55	-25	315	30
82	2	110	0	315	110
83	1	90	-350	315	-260
84	2	120	0	315	120
85	2	120	0	315	120
86	2	140	0	315	140
87	2	110	0	315	110
88	3	65	-75	315	-10
89	2	130	0	315	130
90	2	140	-2000	315	-1860
91	1	110	0	315	110
92	1	130	-350	315	-220
93	4	85	0	315	85
94	4	45	0	315	45
95	3	45	0	315	45
96	2	120	0	315	120
97	2	110	0	315	110
98	2	130	0	315	130
99	1	90	0	315	90
100	2	150	0	315	150
1	3	50	0	331	50
2	3	60	0	331	60
3	4	50	0	331	50
4	4	40	0	331	40
5	2	100	0	331	100
6	2	80	0	331	80
7	2	110	0	331	110
8	1	100	0	331	100
9	1	120	0	331	120
10	3	40	-50	331	-10
11	1	80	-150	331	-70
12	3	55	0	331	55
13	3	55	-50	331	5
14	2	120	0	331	120
15	3	45	0	331	45
16	2	90	0	331	90
17	3	50	-50	331	0
18	2	100	0	331	100
19	3	45	0	331	45
20	2	90	0	331	90
21	1	90	0	331	90
22	2	120	0	331	120
23	1	110	-300	331	-190
24	2	110	-1250	331	-1140
25	3	60	-50	331	10
26	4	45	0	331	45
27	3	40	-50	331	-10
28	2	80	0	331	80
29	3	55	0	331	55
30	2	110	0	331	110
31	3	55	-25	331	30
32	2	100	0	331	100
33	3	65	-75	331	-10
34	2	90	0	331	90
35	4	45	0	331	45
36	2	130	-1500	331	-1370
37	3	45	0	331	45
38	2	120	0	331	120
39	3	70	-25	331	45
40	2	130	0	331	130
41	3	40	0	331	40
42	2	110	0	331	110
43	3	50	-25	331	25
44	2	90	0	331	90
45	3	60	-75	331	-15
46	2	100	0	331	100
47	3	70	0	331	70
48	2	120	0	331	120
49	3	40	-50	331	-10
50	2	120	-1750	331	-1630
51	2	110	0	331	110
52	2	140	0	331	140
53	2	130	0	331	130
54	2	100	0	331	100
55	2	110	0	331	110
56	2	120	0	331	120
57	2	120	0	331	120
58	2	140	0	331	140
59	2	110	0	331	110
60	1	100	0	331	100
61	1	80	-200	331	-120
62	1	120	0	331	120
63	1	110	-250	331	-140
64	1	90	-350	331	-260
65	1	110	0	331	110
66	3	60	0	331	60
67	4	55	0	331	55
68	3	65	-25	331	40
69	4	60	0	331	60
70	3	55	0	331	55
71	4	40	0	331	40
72	3	80	-50	331	30
73	4	55	0	331	55
74	3	40	-25	331	15
75	4	50	0	331	50
76	3	60	-50	331	10
77	4	60	-250	331	-190
78	3	55	0	331	55
79	4	55	0	331	55
80	3	65	-25	331	40
81	4	40	0	331	40
82	3	40	-75	331	-35
83	4	60	0	331	60
84	3	80	-50	331	30
85	4	40	0	331	40
86	3	65	-25	331	40
87	4	45	0	331	45
88	3	75	0	331	75
89	4	55	0	331	55
90	3	55	-25	331	30
91	4	65	0	331	65
92	3	60	-25	331	35
93	4	70	0	331	70
94	3	70	-25	331	45
95	4	50	0	331	50
96	3	65	0	331	65
97	4	70	-275	331	-205
98	3	55	-75	331	-20
99	4	60	0	331	60
100	3	75	-25	331	50
1	3	50	0	333	50
2	3	60	0	333	60
3	3	40	-50	333	-10
4	3	55	0	333	55
5	3	55	-50	333	5
6	1	100	0	333	100
7	1	120	0	333	120
8	1	80	-150	333	-70
9	4	50	0	333	50
10	4	40	0	333	40
11	4	45	0	333	45
12	3	45	0	333	45
13	3	50	-50	333	0
14	1	90	0	333	90
15	1	110	-300	333	-190
16	1	100	0	333	100
17	1	80	-200	333	-120
18	1	120	0	333	120
19	2	100	0	333	100
20	2	80	0	333	80
21	2	110	0	333	110
22	3	45	0	333	45
23	3	60	-50	333	10
24	3	40	-50	333	-10
25	3	55	0	333	55
26	3	55	-25	333	30
27	4	45	0	333	45
28	4	55	0	333	55
29	1	110	-250	333	-140
30	1	90	-350	333	-260
31	1	110	0	333	110
32	2	120	0	333	120
33	4	60	0	333	60
34	4	40	0	333	40
35	4	55	0	333	55
36	3	65	-75	333	-10
37	3	45	0	333	45
38	3	70	-25	333	45
39	3	40	0	333	40
40	4	50	0	333	50
41	4	60	-250	333	-190
42	4	55	0	333	55
43	1	130	-350	333	-220
44	1	90	0	333	90
45	2	90	0	333	90
46	3	50	-25	333	25
47	3	60	-75	333	-15
48	3	70	0	333	70
49	4	40	0	333	40
50	3	40	-50	333	-10
51	4	60	0	333	60
52	3	60	0	333	60
53	4	40	0	333	40
54	3	65	-25	333	40
55	2	100	0	333	100
56	4	45	0	333	45
57	4	55	0	333	55
58	4	65	0	333	65
59	4	70	0	333	70
60	4	50	0	333	50
61	1	100	-250	333	-150
62	1	120	-200	333	-80
63	1	110	0	333	110
64	4	70	-275	333	-205
65	2	90	0	333	90
66	2	120	0	333	120
67	2	110	-1250	333	-1140
68	2	80	0	333	80
69	1	90	-300	333	-210
70	2	110	0	333	110
71	3	55	0	333	55
72	3	80	-50	333	30
73	1	130	-150	333	-20
74	1	120	-250	333	-130
75	1	100	0	333	100
76	4	60	0	333	60
77	4	55	0	333	55
78	4	65	0	333	65
79	4	80	0	333	80
80	3	40	-25	333	15
81	3	60	-50	333	10
82	3	55	0	333	55
83	2	100	0	333	100
84	1	120	-250	333	-130
85	2	90	0	333	90
86	4	40	0	333	40
87	4	80	0	333	80
88	4	40	0	333	40
89	4	65	0	333	65
90	4	55	-300	333	-245
91	4	60	0	333	60
92	4	65	0	333	65
93	4	75	0	333	75
94	3	65	-25	333	40
95	3	40	-75	333	-35
96	3	80	-50	333	30
97	2	130	-1500	333	-1370
98	2	120	0	333	120
99	2	130	0	333	130
100	1	140	-300	333	-160
1	1	100	0	336	100
2	1	120	0	336	120
3	3	50	0	336	50
4	2	100	0	336	100
5	4	50	0	336	50
6	1	80	-150	336	-70
7	2	80	0	336	80
8	4	40	0	336	40
9	3	60	0	336	60
10	3	40	-50	336	-10
11	2	110	0	336	110
12	4	45	0	336	45
13	1	90	0	336	90
14	1	110	-300	336	-190
15	1	100	0	336	100
16	1	80	-200	336	-120
17	3	55	0	336	55
18	4	45	0	336	45
19	4	55	0	336	55
20	4	60	0	336	60
21	1	120	0	336	120
22	3	55	-50	336	5
23	2	120	0	336	120
24	1	110	-250	336	-140
25	4	40	0	336	40
26	3	45	0	336	45
27	3	50	-50	336	0
28	1	90	-350	336	-260
29	2	90	0	336	90
30	2	100	0	336	100
31	4	55	0	336	55
32	3	45	0	336	45
33	4	50	0	336	50
34	3	60	-50	336	10
35	2	90	0	336	90
36	1	110	0	336	110
37	4	60	-250	336	-190
38	3	40	-50	336	-10
39	1	130	-350	336	-220
40	2	120	0	336	120
41	2	110	-1250	336	-1140
42	3	55	0	336	55
43	3	55	-25	336	30
44	4	55	0	336	55
45	4	40	0	336	40
46	1	90	0	336	90
47	1	100	-250	336	-150
48	2	80	0	336	80
49	1	120	-200	336	-80
50	2	110	0	336	110
51	2	100	0	336	100
52	3	65	-75	336	-10
53	4	60	0	336	60
54	4	40	0	336	40
55	1	110	0	336	110
56	4	45	0	336	45
57	3	45	0	336	45
58	2	90	0	336	90
59	4	55	0	336	55
60	3	70	-25	336	45
61	2	130	-1500	336	-1370
62	3	40	0	336	40
63	4	65	0	336	65
64	3	50	-25	336	25
65	1	90	-300	336	-210
66	4	70	0	336	70
67	3	60	-75	336	-15
68	4	50	0	336	50
69	3	70	0	336	70
70	4	70	-275	336	-205
71	3	40	-50	336	-10
72	1	130	-150	336	-20
73	2	120	0	336	120
74	3	60	0	336	60
75	4	60	0	336	60
76	3	65	-25	336	40
77	4	55	0	336	55
78	2	130	0	336	130
79	4	65	0	336	65
80	3	55	0	336	55
81	1	120	-250	336	-130
82	1	100	0	336	100
83	4	80	0	336	80
84	3	80	-50	336	30
85	3	40	-25	336	15
86	4	40	0	336	40
87	3	60	-50	336	10
88	4	80	0	336	80
89	4	40	0	336	40
90	3	55	0	336	55
91	3	65	-25	336	40
92	4	65	0	336	65
93	3	40	-75	336	-35
94	4	55	-300	336	-245
95	1	120	-250	336	-130
96	3	80	-50	336	30
97	3	65	-25	336	40
98	4	60	0	336	60
99	3	75	0	336	75
100	2	110	0	336	110
1	1	100	0	346	100
2	2	100	0	346	100
3	3	50	0	346	50
4	4	50	0	346	50
5	3	60	0	346	60
6	2	80	0	346	80
7	1	120	0	346	120
8	3	40	-50	346	-10
9	1	80	-150	346	-70
10	4	40	0	346	40
11	4	45	0	346	45
12	2	110	0	346	110
13	4	45	0	346	45
14	2	120	0	346	120
15	3	55	0	346	55
16	4	55	0	346	55
17	2	90	0	346	90
18	3	55	-50	346	5
19	4	60	0	346	60
20	2	100	0	346	100
21	3	45	0	346	45
22	1	90	0	346	90
23	2	90	0	346	90
24	4	40	0	346	40
25	3	50	-50	346	0
26	2	120	0	346	120
27	1	110	-300	346	-190
28	4	55	0	346	55
29	2	110	-1250	346	-1140
30	4	50	0	346	50
31	3	45	0	346	45
32	1	100	0	346	100
33	4	60	-250	346	-190
34	2	80	0	346	80
35	3	60	-50	346	10
36	1	80	-200	346	-120
37	2	110	0	346	110
38	2	100	0	346	100
39	2	90	0	346	90
40	4	55	0	346	55
41	4	40	0	346	40
42	3	40	-50	346	-10
43	4	60	0	346	60
44	4	40	0	346	40
45	4	45	0	346	45
46	3	55	0	346	55
47	2	130	-1500	346	-1370
48	1	120	0	346	120
49	1	110	-250	346	-140
50	4	55	0	346	55
51	4	65	0	346	65
52	3	55	-25	346	30
53	4	70	0	346	70
54	4	50	0	346	50
55	3	65	-75	346	-10
56	4	70	-275	346	-205
57	2	120	0	346	120
58	1	90	-350	346	-260
59	2	130	0	346	130
60	4	60	0	346	60
61	4	55	0	346	55
62	4	65	0	346	65
63	4	80	0	346	80
64	4	40	0	346	40
65	2	110	0	346	110
66	4	80	0	346	80
67	4	40	0	346	40
68	4	65	0	346	65
69	4	55	-300	346	-245
70	3	45	0	346	45
71	4	60	0	346	60
72	4	65	0	346	65
73	4	75	0	346	75
74	4	60	0	346	60
75	4	65	0	346	65
76	4	75	-325	346	-250
77	3	70	-25	346	45
78	4	85	0	346	85
79	4	45	0	346	45
80	4	55	0	346	55
81	4	70	0	346	70
82	3	40	0	346	40
83	4	55	0	346	55
84	4	70	0	346	70
85	4	80	0	346	80
86	4	65	0	346	65
87	4	70	0	346	70
88	3	50	-25	346	25
89	4	80	-350	346	-270
90	3	60	-75	346	-15
91	2	90	0	346	90
92	4	90	0	346	90
93	3	70	0	346	70
94	3	40	-50	346	-10
95	4	50	0	346	50
96	3	60	0	346	60
97	3	65	-25	346	40
98	4	60	0	346	60
99	4	75	0	346	75
100	3	55	0	346	55
1	3	50	0	347	50
2	1	100	0	347	100
3	2	100	0	347	100
4	1	120	0	347	120
5	3	60	0	347	60
6	4	50	0	347	50
7	1	80	-150	347	-70
8	3	40	-50	347	-10
9	1	90	0	347	90
10	3	55	0	347	55
11	2	80	0	347	80
12	4	40	0	347	40
13	4	45	0	347	45
14	3	55	-50	347	5
15	1	110	-300	347	-190
16	1	100	0	347	100
17	3	45	0	347	45
18	3	50	-50	347	0
19	4	45	0	347	45
20	1	80	-200	347	-120
21	1	120	0	347	120
22	1	110	-250	347	-140
23	1	90	-350	347	-260
24	3	45	0	347	45
25	4	55	0	347	55
26	1	110	0	347	110
27	2	110	0	347	110
28	3	60	-50	347	10
29	4	60	0	347	60
30	2	120	0	347	120
31	1	130	-350	347	-220
32	3	40	-50	347	-10
33	2	90	0	347	90
34	1	90	0	347	90
35	4	40	0	347	40
36	2	100	0	347	100
37	3	55	0	347	55
38	1	100	-250	347	-150
39	2	90	0	347	90
40	4	55	0	347	55
41	3	55	-25	347	30
42	1	120	-200	347	-80
43	2	120	0	347	120
44	1	110	0	347	110
45	2	110	-1250	347	-1140
46	3	65	-75	347	-10
47	1	90	-300	347	-210
48	4	50	0	347	50
49	3	45	0	347	45
50	1	130	-150	347	-20
51	2	80	0	347	80
52	3	70	-25	347	45
53	1	120	-250	347	-130
54	4	60	-250	347	-190
55	3	40	0	347	40
56	3	50	-25	347	25
57	2	110	0	347	110
58	4	55	0	347	55
59	1	100	0	347	100
60	1	120	-250	347	-130
61	1	140	-300	347	-160
62	1	110	0	347	110
63	1	110	-350	347	-240
64	3	60	-75	347	-15
65	4	40	0	347	40
66	1	100	0	347	100
67	2	100	0	347	100
68	4	60	0	347	60
69	1	120	-200	347	-80
70	2	90	0	347	90
71	3	70	0	347	70
72	4	40	0	347	40
73	1	130	-250	347	-120
74	2	130	-1500	347	-1370
75	4	45	0	347	45
76	1	110	-150	347	-40
77	3	40	-50	347	-10
78	4	55	0	347	55
79	1	140	-250	347	-110
80	2	120	0	347	120
81	4	65	0	347	65
82	3	60	0	347	60
83	4	70	0	347	70
84	2	130	0	347	130
85	3	65	-25	347	40
86	1	120	0	347	120
87	4	50	0	347	50
88	2	110	0	347	110
89	3	55	0	347	55
90	1	130	-350	347	-220
91	2	90	0	347	90
92	4	70	-275	347	-205
93	3	80	-50	347	30
94	2	100	0	347	100
95	1	120	-200	347	-80
96	4	60	0	347	60
97	3	40	-25	347	15
98	1	140	-250	347	-110
99	2	120	0	347	120
100	4	55	0	347	55
